950
011001011010000000101101011101001010110111001000000110100011011101000101101001101110101
011111111111111111111111111111111111111111111111111111111111111111111111111111111111111001101100001100001001000001010101111101010111010101
0111111111111111111111111111111111111111111111111111011000100111001101
011111111111111111100111011010110101100
0001111111111111111101000011111110111000101110101011101000101101101010110
001111111111111111111111111111111111111111111111111110011100
0001111010101100011001110110100011001101010111001
011111111111111111111111111111111111111111000011101011100011101100001000000101000001000111010001001011001001110000001011110010110100011
011111111111111111111111111111111111111111111111111111111111111111111111111111111111111111111001011000010110100011010001011010000110100111010000010010010101101111111001
01111111111111111111111111111111111111111111111111111111111111111111111111110011011001111101011001000011001010100001111011100100001100001001001000011
011111111111111111111111111111111111111111111111111111111111111111111111111011011011100100101001000000001110111010100000111110000000101000110010111000
00001111111111111111111111111111111111111111111111111111111111111111111111110000011101000000001000110100001010111111100011110110001001010101010111011010001
0111111111111111111111111111111111111111111111111111111111111111111111111111111001010100101111000010011000111111010010110010011011001000001110011110110000011
0111111111111111111111111111111111111111111111111111111111111111111111111111111001110110001100011111000011100101000000110000110011001101011010110100
00011111111111111111111111111111111111111111111111111111111111111111110001100111001010010101001011011000010010101001010001100100100110001111111000101101001100000
0000001111111111111111111111111111111111111111111111111111111111111111111111111111111111111001111100010100011001000010100010101000110000001101001000100
0001111111111111111111111111111111111111111111111111111111111
010110101110001
01111111111111111000011010011101100011101001111
011111111111111111111111111111111101110010010000111010000101100101000110110111111001010000100100110110000101011010001010100101
011111111111111111111111111111111111111111111111111111111111111111111111111111111111111111111100100011110000
000001111111111000001011001010011010110000000100111101000011010111100001010000101011011101001001011
01111111111111111111111111111111111111111111111111111111111111111111111111111111111110
001111100101101110111111111110011001010111010000111000101000100101010110001111100110111
011111111111111111111111111111111111111111111111111111111111111111111111111111111111110100111010000101000110
00111111111111111111111001100001010100010111000101100011011001001111001100101101010100101100011110111110001
01111111111111111111111111111111111111111111111111111111111111111111111111111111111101010101111101110111111111
011111111111111111111111110000110010111011
01111111111111110001101100000101101000010101100111000110111010010111110011110101011001
01111111111111111111111111111111111111111111111111111111111111111111111011101001110100000000101000010111110011000101000101111100010100110101011001111
01111111111111111111111111111111111111111111111111111111111111111111111111111110111001000110000000101101001100100000010110111011100100101111110110101110011000100
000111111111111111111111111111111111111111111111111111111111111111111111111111111111110000110111100011110001100100011110010100010000110000110111
0111111111111111111111111111111111111111111111111111111111111101011011011010010001101000101111110100001001010000111
0111111111111111111111111111111111111111111111111111111011111001100111000101010100101010101111000011001011110100000001010
00111111111111111111111111111111111111111111111111111111111111111111100110100110001000111010110010111010000010110110110011011100110000110111111000110100011
011111111111111111111111111111111111111111111111111111111111111111111111111111111111111011010111101000110100111001000001001001100110010100101011100101111111011011
0111111111111111111111111111111111111111111111111111111111111111111111111110010011010000101000111100010011011000010
001111111111111111111111111111111111111101110100111110110101101111111101001011100101111011010001101001010000100101
0111111111111111111111111111111111111111111111111111111111111111111111111100101001011101110111110110101011010011000000111101011
0111111111111111111111111111111111111111111111111111101011101011010100101001011000010000000011000011101000001001110100110011000001110
001111111111111111111111111111111111111111111111111111111111111111111111111111110110100111100011000001011101110100011101000011111100000010110110000
0000011111111111111111111111111111111111111111111111111111111111111000111011111010100011101001011000100110100101000100011111
011111111111111111111111111111111111111111111111111111111110100000010111111000001010010100101000001100000101001000011000111000001001110001011010
00111111111111111111111111111111111111111111111111111111111111111111111111111111111111111110001001010010001111110001101111
0111111111111111111111111111111111101
0111100
000111001110001111011010001010101011100101100010110111000011100110011111001000100001
0111111111111111111111111111111111111111111111111111111111111111111111111111111100110100001011110111001
011111111111111111111111100001110011010100110011110011001011011110101
011111111111111111111111111111111111111111111000011011111101001100000111101110111111001110111010010001110110001110011010000011100
000111111111111111111111111111111111111111111111111111111111111111111111111111111111111111000101010110110
001111111111111111111011001001100110111010010100011101010111011000000110001101010010011101010000110001110100110101
0111111111111111111111111111111111111111111111111111111111111111111111111111111111111111111110001111010000001111001110100110110101010101010100111011011011111010101101110100010111000101100
00011111111111111111111111111111111111111111111111111111111111111111111111111111111111111111111001001011000010111101000011100100110110111011010000000111100001111100001001000
000011111111111111111111111111111111111111111111111111111111111111111111111111110111110111011111111001101110010000011010110100000000101
011111111111111111111111111111111111111111111111111111111110111100001001010111000
0000111111111111111111111100111111100001011100011100110010100111101
011111111111111111111111111111111111111111110101
0111110101111011100111001001000001101001010100001100000101101011100110101010
00111111111111111111111111111111111111111111111111111111111111111111111000101111101000010011111001101010100101110010
00111111111111111111111111111111111111111111110101000101000000111101111110110001010010001101
0111111111111111111111111111111111111111111111011100110000000001000001000101011111010110011000000001001100101010000010
001111111111111111111111111111111111111111111111111111111111111111111111001101000001111
0111111111111111110011111001001101011010001110000111100000001101100111010110011000000010001111100111000100
00011111111111111111111111111111111111111111111111111111111111111111111111111111111111111111100001111110010001010011001010100111101100000010110011
01111111111111111111111111111111111111111111111111111110110101000111011011010000101001010001101111001110100101011110111101010
0011111111111111111111111111111111111111111111111111111111111111111111111011001111011000010000010000010001010001000010001011110110000100100111111111100
0001111111111111111111111111111111111111111111111111111111111111111111111111111110110100100010111111100100001010101000011001101011
0111111111111111111111111111111111111111111111111001010011101100110001110010111011110101111001001100010000010111011110101110000100010101
0111111111111111111111111111111111111111111111111111111111111111111111111111111111111110101100100111110011110110101000101100011001110001001101011111001
011111111111111111111111111111111111111111111111111111111111111101001000001101010011
011111111111111111111010110010101
011111111111100101100011111100010101010000000100111100100000101101100000110111001
011111111111111111111111111111111111111111111111111111111111111111110011001000001111000111100101000101010000001101101110000001111
011111111111111111111111111111111111111111111111111111111111100111111100111100100010110111101010110100010001011011110110001011000001100101100001110111010111
0111111111111111111111111111111111111111111111111111111111111111111111111111111111111111111111101100100110110100110101000010101001010001011100101110000001100100111101101000011001000
0000111111111111111111111111111111111111111111111111111111111111111111111111111111111101110010101101010011111110101100010011001111011010100
000111111111111111111111111111111111111111111111111110111011101000111101001000111010101000111001000000011110
0011111111111111111111111111111111111111111111111111111001011100101101111010100010010011110001100011000111001011110010101000011010011010011101
0111111111111111111111111111111111111111111111111111111111111111111111111111111111111110111101001100101001011010010110101010001100010010
0011111111111111111111111111111111111111111111111001110110000010100111111101101010
001111111111111111111111111111111011
01111011001000000101111111111001010001001001010001000010001100001100001101101011101
011111111111111111111111111111111111111111111111111111111111111111111111111111111111110010110010111000110101100011110100011000110000000011011101111101110011010101101110100000
00000011111111111111111111111111111111111111111111111111111111111111111111111111111111111111110011110000010100100010010101010100001110
00111111111111111111111111111111111111111
01111001000100101111101111110011010000001011010111000010111010000101001100011
011111111111111111111111111111111111111111111111111111111111111111111111111101111101010011110100110010
001111111111111111111111110000101011000000111111101110110
00111111111111111111111111111111010100111111
0111111111111000110001000011001101010110111011
011111111111111111111111111111111011100110001111010001101100100101011000001000111000011011101011001110100001
0111111111111111111111111111111111111111111111111111111111111111111111111110101000111
01111111110111010
00111110100011000111110101101011000100110010011011001
0111111111111111111111111111111111111111111111001011001001100011101100101111011
011111111111111111111111111111111000001110000000000100000010010010101010110011001110111110101
01111111111111111111111111111111111111111111111111111111111101111000000000011100110001000110110101010000100110111100101011101000101000010110100010001
011111111111111111111111111111111111111111111111111111111111111111111111111111111111111111010101100110011111111110010110
0011111111111111111111111111111011100000000101100010011010010011101010110110111101111001100010
001111111111111111111111111111111111111111111111111111111111111010100100001011000001
0111111111111111111110100111111011101100101011001111100010110001010100010011011101
011111111111111111111111111111111111111111111111111111111111101101111110010000111110010001101110100110010111000111010001000
000011111111111111111111111111111111111111111111111111111111111000111100110
0011111111111010111011100110101001000011111100010111010100101000010001100101101010011011111010000000010
001111111111111111111111111111111111111111111111111111111111111111111111111111111111111111110111100001011010010010011001100001001010110
00111111111111111111111111111111111111111111110100101101010000100001100111011101011010100011
011111111111111111111111111111111111111111111111100110010011
011111111111110100000010101100110100110100101010111101101011010101000111100010100011011101101
011111111111111111111111111111111111111111111111111111111111111111111111111111111000000111100011010110001001010110011001111001101000000
0000000111111111111111111111111111111111111111111111111001011111000110001001101001001000100110011111001
0111111111111111111111111111111111111111111111111001110011101001001110100011000000000001000011111000010
001111111111111111111111111111111111111111111111111111100100101000
0000111111100110100011100110010010011
01111111111111111111111111000101011001010100011101010100111111110101
011111111111111111111111111111111111111111011011101110011101010010000100000100110010000101101001101111110000100000100101010010
0011111111111111111111111111111111111111111111111111111111111111111111111111111111111101101010100111100110101010011001100100011000110
0011111111111111111111111111111111111111111111111110001110100100011010100100000110110111111111001010000100001110000011101110110000000111111000101111
011111111111111111111111111111111111111111111111111111111111111111111111111111111111111111111111111011101101110011110011100010000
0000011111111111111111111111111101011010100000011101001010100001111011011001100000111010011010
00111111111111111111111111111111111111111111111111111111111111110110010010010111011100101001001110011101011111010111111100111100101110110101000011001110
0011111111111111111111111111111111111111111111111111111111111111111111111111111111111111100110111100110011100000100011100111111001
01111111111111111111111111111111111111111100100011100100111011001111110110010110001010000001011010010000001001110011010010110110110
00111111111111111111111111111111111111111111111111111111111111111111111111111111111111111110010000001011001000111100101101110000100000101011000101111011101000100100010010001000
000011111111111111111111111111111111111111111111111111111111111111111111111111111111111011011010111101101100010111101010000001
011111111111111111111111111111111111111111101011100101000011101001101100
000111111111111111111111111111111111110011010110011000100001001001010011011010011001001101000101011111001101100111110
0011111111111111111111111111111111111111111111111111111111111111111111111111111111111000010110111000011110010011001010000101100110011
0111111111111111111111111111111111111111111111111100101110000011111100101011000001000010001101110100001110100000010111110001
011111111111111111111111111111111111111111111111111111111111111111111111111111100100100100000010001010011110100000
0000001111111111111111111111111111111110111000010011000011000
000011111111111111111101110010110010100100111000110111111010101011
01111111111111111111111111111111111111111111110001010011110100001000010001001110100100011101111001010001101110
00111111111111111111111111111111111111111111111111111111111111111111110000000100100000010000011010111010101000001100
000111111111111111111111111111111111111111111111111100111011001101111110000000001011000110100111111000011110111101111001100101000
0000111111111111111111111111111111111111111111111111111111111111111111111111111110011100010111010001011100101001101101011100101101111100000
00000011111111111111111111111111111111111111111111111111111110000110100010100100001001110110
00111111111111111111111111111111000011010011011101100011110001011110001000010100110000110001000110110010001101111110
00111111111111111111111111111111111111111111111111111111111111111111111111111111111111011110011101110011110000001101011011000000101111000001011
0111111111111111111111111111111111111111111111111111111111110011110110111001000000100011
0111111111111111111111111111111010001100010011100100
000111111111111111111110110011011001011111111101011001010011000
0000111111111111111111111111111111111111001111011101010110
0011111111111111111011001000110100100000001111101110101001001011010010011011010011011000110001101011
0111111111111111111111111111111111111111111111111111111111111111111111111111111111001110011110011111110110011000100110111110111101001001011000110100010001000101
0111111111111111111111111111111111111111111111111111111111111111111111111111110010100001001100000
000000111111111111110101100101100000001011001101
0111111111111111111111111111110001101100000000101011011100110101000010001111001000
0000111111111111111111111111111111111111111111111111101100111100000
00000011111111001010011000
000011111111101000000001101001001000001010000010011110010001001011111100111001111100010001101
011111111111111111111111111111111111111111111111111111111111111111111111111111111010001011000110111100010011110110110001000111010010011100100010010001011
01111111111111111111111111111111111111111111111111111111111111111111111111001101100011110100011100001101000001001101111111011000100101010000011
011111111111111111111111111111111111111111111111111111111111111111111111001100000111000001001000011010001011011
01111111111111111111111111111111111111111111001010100001000011101
0111111111111111111111111110101011010101111000111011100
00011111111111111111111111111101111011010101100011010101101001110110001101
01111111111111111111111111111111111111111111000110100000011100110010101101010111101
0111111111111111111111111111111111111110110101001001000011101101111001100001111111101010111000001000100001110000000101111101
011111111111111111111111111111111111111111111111111111111111111111111111111111111111110100100011011011010000000000111101000010100100
000111111111111111111111111111111111111111111110100101001010011000011100010010100101001110100011101010100011000101101110000
0000011111111111111111111111111111111111111111111111111111111111111111111111111110101001010110101011010011001001111000100101000001000001100111111101011000001000101101001
01111111111111111111111111111111111111111111111111111111111111111111111111111111111111111111101110011010100001100001011111110111100100010010110101010010110101
0111111111111111111111111111111111111111111111111111111111111111111000011010111101011011000
0000111111111111111111111110000100001111010010010101001100110100001001100111000010010010100000011001111
0111111111111111111111111111111111111111111111111111111111111111111111111111100111100100110111000010011111001111001101111111101110100000111011110011100101100001101000011011001
01111111111111111111111111111111111111111111111111111111111111111111111111111111111111111111111111100001101011111011001000
0000111111111111111111110001000
000011111100010000011010001000
000011111111111111111110000010101010000011000101001101010111011011011100101011110010101111110101101001100101001001001011
011111111111111111111111111111111111111111111111111111111111111111111111111111111111111111111111111100010010010101111011011111011000111001000000110110111110101100100110110011001110000
000001111111111111111111111111111111111111111111111111111111111111111111111111111111111101101001011100100000011011110011101011111000100000
0000001111111111111111111111111111111111111111111111
0111100000100000010000101111011001101101011100
00011111111111111111111111111111111111111111111110110111111000100101100111111010000000001111001100100001111010011110101101001
0111111111111111111111111111111111111111111111111111111111111111111111111111111100100000100111
0111111111111111001001001110101110010011010110
00111111111111111111111111111111010001011110000110111110101011011100011100101
011111111111111111111111111111111111111111111111111010010100110
0011111111111111111010100000110101011101100111000100101001000111110000111001110100010
00111111111111111111111111111111111111111111111111111111111111111111011000100110101110010110000000101000100100110000000100100010000
0000011111111111111111111111111111111111111111111111111111111110100111110100111010110111000100011000010111101101011000000011110000110000000111101111001001111
01111111111111111111111111111111111111111111111111111111111111111111111111111111111111111111111001010011001111111111010111100101110000001011111010010101111
011111111111111111111111111111111111111111111111111111111111101100
00011111111011101100100111011110101110001111100
000111111111111111111111111111111111111111101001100110010100001101001010110
00111111111111111111111111111111100101110111011110111001001000010110011
011111111111111111111111111111111111111010010101111000000001001011001
011111111111111111111111111111111111001110010101110111100000
0000001111111111111111111111101001110
001111110000000011001111110011100110001100000101001101001000
00001111111111111111111111111111111111111111111111111100100101111110100011010010110111101
0111111111111111111111111111111111111101111101110100111111111011000000001111100001010000011010111
0111111111111111111111111111111111111111111111111111111111110011010000110110001000010010011001001111101100001000111010110010
0011111111111111111111111111111111111111111111111111111111111111111011001000111010011100111111000101011
01111111111111111111111111111111111111111111011010111011000111110100011011000001110010010110101100010101100011101010000
000001111111111111111111111111111111111111111111111111111111111111111111111111111100110101011111010110001111101000101110001101011111001100101010001
01111111111111111111111111111111111111111111111111111111111111111111000000010100001011000111
0111111111111111111111111111111110100100101001001000011001010011001100001111000110010111001111010001010
001111111111111111111111111111111111111111111111111111111111111111111111111111110101101001110011010110101101110010
0011111111111111111111111111111111111000011101011110100000101101010100100011111001010001001101000100110100110011001010010110101010001
0111111111111111111111111111111111111111111111111111111111111111111111111111111111111111111111111001110001011001001
011111111111111111100000110000000001010101101000111001010101100011000011101000001100001001
01111111111111111111111111111111111111111111111111111111111111111111111110010100010000100111011101100010010
00111111111111111111111111111111111001111100010100011010111011111110110111010111111110010001100100100110111010000000100
00011111111111111111111111111111111111111111111111111111111111111111111111111111111110111010000101101111101111110000010110000000110010110
0011111111111111111111111111111111111111111111111111100100000110111110
001111111111111111011010101111001111111010001000100010110101100011100000110100101011001111101101111001010110000110
0011111111111111111111111111111111111111111111111111111111111111111111111111111111111111111111111010011001101100010011111110011001111101010
0011111111111111111111111111111111111111110100101101100110000111110
00111111111111111111111111110001101011110111110100111111100010
0011111111111111111111111111111111111000100010011010011100100010101101111011
0111111111111111111111111111111111111110001110101101110101111010010101000100101011001111100011111010111110101011000010010111010001001
0111111111111111111111111111111111111111111111111111111111111111111111111111111111111111111111110110100010
001111111111010000011100011111000000110001001
01111111111111111111111111111111110011111
011111111000100000000
000000000111111110000110001011
011111111111111111110100110001110111000001000000
000000011111111111111111111111101110101000010000110000000000010001110111000101001100111111001100000
00000011111111111111111111111111111111111111111111111111111111111111101011110111100111011101000101000010101001000110
0011111111111111111111111111111111111111111111110110101111110010000010000110011010101000110010011011001
01111111111111111111111111111111111111111111111111111111010100110111010110101100001011111000
00001111111111111111111111111111111110110111001010010010010011110000010001110100111001
0111111111111111111111111111111111111111111111111000101110010101010100100110100000110111010001110011110100110011000100111010000011011
0111111111111111111111111111111111111111111111111111111111111111111111111111111111111111111001110100100010010000
000001111111111111111111111100111000101010101110011011110101100010
001111111111111111111111111111111111110001010110110010000101101111101111111110111100110010011111110001110101100010111100000001
011111111111111111111111111111111111111111111111111111111111111111111111111111111111111100100000101010101011110001001110
001111111111111111111111111111111000010001111111
011111111111111100011010101010001010100100011001010011101001
01111111111111111111111111111111111111111111011111000111010011100100001000000001011111100111001101111010011100
000111111111111111111111111111111111111111111111111111111111111111100001000011000101110101100010111001001110100000110101010
0011111111111111111111111111111111111111111111111111111110110010110110110101100000000010011101111100111110101001
01111111111111111111111111111111111111111111111111111111011111001000011011010100
0001111111111111111111111
001111101011001100110111011110010010111001111110010110100111110000011011100
00011111111111111111111111111111111111111111111111111111111111111111111111111010111111011111001101001001010101001111100
000111111111111111111111111111111111111111111001100111011000
00001111111111110010001110
00111111110000110011010000110110010110000000001010100001110100000011110010000111100000
0000001111111111111111111111111111111111111111111111111111111111111111111111110000011101000010010111011111100010
0011111111111111111111111111111111111010000110011
011111111111101111011100111010100010010100000101000101010100110010011001111100000001000011001010
0011111111111111111111111111111111111111111111111111111111111111111111111111111111111101000101100000001001101000000001001101111101101100011010
001111111111111111111111111111111111111111111111111111111110111
01111101111111000111011001100001110001010010011111000111100101110001100010000
000001111111111111111111111111111111111111111111111111111111111111111111110001000000100001101010101111001000000000100000001110000101110000111010110000001010110100
000111111111111111111111111111111111111111111111111111111111111111111111111111111111111111011101101100100001100100010011
0111111111111111111111111111111100010010001110011
011111111111111111110101001101000000010001000011011000100101000
0000111111111111111111111111111111111111111111
0010001010111110000010000101111111100110100011001001001000001000000101111101001
011111111111111111111111111111111111111111111111111111111111111111111111111111000011011101010110000110110000111001001110111
011111111111111111111111111111111111111111111011010010001101001010000000101101100110000011
01111111111111111111111111111111111111111111111110101001101001110100010011101011101001000010101111111111011111111111000000001101110110100010011
0111111111111111111111111111111111111111111111111111111111111111111111111111111111111111111111111110000110101110110110100010000010101001011101100101100
00011111111111111111111111111111111111111111111111111100100000011010100000001
0111111111111111111111110111000000110110111000010
001111111111111111111111101101101000010000000100000011001111000111
0111111111111111111111111111111111111111100010111111010010000010111110000110
001111111111111111111111111111111110000110010100011100110010101110101010101110011110001111011001000011
01111111111111111111111111111111111111111111111111111111111111111111111000
00001111101111001101100101110100011111101001100111001001100111
01111111111111111111111111111111111111111111111111111111100011110000111100011000101100011100111001010101111011100001011010100100001011110110011001100
00011111111111111111111111111111111111111111111111111111111111111111111111111111111111111111111010000000001001101001110000011110111101111000101010101010100010110110100110000000110
00111111111111111111111111111111111111111111111111111111111111111111111111111111111110001111000111001000000110001111011100110010000010001110000100000010110011101110011
01111111111111111111111111111111111111111111111111111111111111111111111111111111110101010100011000100100110000001111101110110100111000100101111111001100000000000010100010100111
01111111111111111111111111111111111111111111111111111111111111111111111111111111111111111111111101111010001010000000011010010000
0000011111111111111111111111111111011000000001010010001010110111010000100011000001011101000110100111011101001001110
00111111111111111111111111111111111111111111111111111111111111111111111111111111111111010011
01111111111011001110001001111010111011000111100101011110001100010011111100100011110101010011001010101100101101
01111111111111111111111111111111111111111111111111111111111111111111111111111111111111111111111111101000000101001001010110100001111101101010010000110011010111000
00001111111111111111111111111111111111111111111111111111111111011101011001110011001100001101001010100110011110111010000111011101010110100111111001010011011111
01111111111111111111111111111111111111111111111111111111111111111111111111111111111111111111111110000000101000000101000011000111010101100100111110111001001100011100010111111
01111111111111111111111111111111111111111111111111111111111111111111111111111110100000111000000001010100101111101101001010010111111
01111111111111111111111111111111111111111111111111111111100010111101111110110110000100010110111000010100
0001111111111111111111111111111111111111111111111110000101000111011000101100101100101011011111001011101001101110100110010100000010110111001100011101
0111111111111111111111111111111111111111111111111111111111111111111111111111111111111111111111111110101001010011001000101100101011011000011011111010011000101001011100000001111011011100
00011111111111111111111111111111111111111111111111111111111111111111111111111111111111011000110000110110100000011101111010010101010110110110101010100001011111000111100011001110
00111111111111111111111111111111111111111111111111111111111111111111111111111111111111111111000011110100110110011100011101110110110101001000011101001101001011010111101
0111111111111111111111111111111111111111111111111111111111111111111111111111101101011110
00111111111111100
0001110000010111011101111001001010110000
0000011111111111111111111111111111010111100001000110001001000111000101100100110111110001000100100000100001001001111110010101010111001
0111111111111111111111111111111111111111111111111111111111111111111111111111111111111111111111111110111
011101
0101111100101011
011111111111110000101100100111110101001010000101000000100000100
00011111111111111111111111111111111111111111111110
00001001001100001000101110100011111000000111010111100100010111111001001111100101011101011110
0011111111111111111111111111111111111111111111111111111111111111111111111111111111111111111111100110010011011010011100011111101110111110100001110000010101011011111100111100111001111001
011111111111111111111111111111111111111111111111111111111111111111111111111111111111111111111001001010000101100000110101010000001000001100011111010111000010110
001111111111111111111111111111111111111111111111111111111111111111000011001101111011111011010011000011001110111010110101101110001101111011110111100110100111110101100
0001111111111111111111111111111111111111111111111111111111111111111111111111111111111111111111111110011000
000011111100000100011011101011011001010001110
0011111111111111111111111111111111111110110101111010010101100010100101010011011011110010
00111111111111111111111111111111111111111111111111110001001
01111111100010000011100011111101
011111111111111111111111111011101100001101110000010101101101001100001000001001011000
00001111111111111111111111111111111111111111111111111111111111101111110011001110000
0000011111111111111111001
01110110100101001000101110101011
01111111111111111111111111111100010000001001000000000010100010110101111001010110000
0000011111111111111111111111111111111111111111111111111011111100111000000001000001010011111100100111010011001110001000010
001111111111111111111111111111111111111111111111111111111111111111110010010111000110010101110011110111000010000111010110100100
000111111111111111111111111111111111111111111111111111111110010000111101111111001111
011111111111111111111111110101011111001001
0111111111111111100010110011101100100
000111111111111111110010011000011100100010001001001010110110101010001101111111000011011111000111101011011010010
00111111111111111111111111111111111111111111111111111111111111111111111111111111111111111110011110110010011010010101001
01111111111111111111111111110100011111001010101010101010110010001100111010000001110000001000001111101
01111111111111111111111111111111111111111111111111111111111111111111111111111000101
0111111111111010011110010111
01111111111111111110101010101101100111100111111101001111100000010001100011010000011101010011101100100111
011111111111111111111111111111111111111111111111111111111111111111111111111111111111110000101010011000000
000000011111111111111101001100111111111010000111110010001011011100100001001100001000100100101101011000100
0001111111111111111111111111111111111111111111111111111111111111111111111111111111111111000101111011110100010000111110001001011110100101100101111001100001110111110100111100
0001111111111111111111111111111111111111111111111111111111111111111111111111111111111110000111011000110000101101101101010
001111111111111111111111111111111110110100110011001000011011011011000101100001011001100
0001111111111111111111111111111111111111111111111111000011001111101000011001111111001011110100
0001111111111111111111111111111111111111110111001010110010000011110011000110010011010101
0111111111111111111111111111111111111111111111011001110010111011
011111111111111111110000110010101000101100100010001011010001100010000000100010101111001111000111100111
0111111111111111111111111111111111111111111111111111111111111111111111111111111111110011001100000111100101111010001011110110110010000010110011010000001
0111111111111111111111111111111111111111111111111111111111111111111101010111
011111111110010111110100101001100100100001001110111100100111000100001000100
00011111111111111111111111111111111111111111111111111111111111111101101101110000000101101101001110101001100001111100110000110011110101010101100100111101001100110
0011111111111111111111111111111111111111111111111111111111111111111111111111111111111111111111111011
01111011000
00001110111010001000
0000111111111101111000101001011110111111000001001000010010
001111111111111111111111111111111111111111111011111001101110111100011111100001001110100001000011100111010101000010010011
0111111111111111111111111111111111111111111111111111111111111111111111111111001010100110
00111111111101111011100100111001101110100000011011000011101
0111111111111111111111111111111111111111111111111010111110011000100110100110000100111101101110011101100110100
0001111111111111111111111111111111111111111111111111111111111101111101001101110100001011010001011101110
001111111111111111111111111111111111111111000000101011000001100101001010111100001100000111010011011000011001100100011101100100000001111
01111111111111111111111111111111111111111111111111111111111111111111111111111111111111111111110010111101001000100100001
011111111111111111111111110101010000000101000011110100101001110001111000101110101111001001001100001001110101101111001
011111111111111111111111111111111111111111111111111111111111111111111111111111111111111111110000111101101111010111000000001100101011110010001110011111001101011000000
0000000111111111111111111111111111111111111111111111111111111111111111111100111
0111110010011
0111111101100111000010001111001001110010000
000001111111111111111111111111111111011101001010111001110111100011001101
011111111111111111111111111111111111100000011110110110111010111001110111001111111000110
0011111111111111111111111111111111111111111111111110001011000101011111001000101101101111100011100010110010111011111111011111010011010011110011
0111111111111111111111111111111111111111111111111111111111111111111111111111111111111111111111110011001101
011111111111111000101111111011000011111011100010000111001101110
00111111111111111111111111111111111111111111111100100110111100000010001100001011
01111111111111111111111111111111011000111001000011010110111100110111000010011
011111111111111111111111111111111111111111111011111100001010101
0111111111111111110010110110011000001011100100000101011011000100000000110011001100110010010110110101111001110
0011111111111111111111111111111111111111111111111111111111111111111111111111111111111111111100110011101110101001000101111110111010101000110011111011011010011011000111
0111111111111111111111111111111111111111111111111111111111111111111111111111011111000010011101001101001000010000000111100001010101101000100000010000011111
01111111111111111111111111111111111111111111111111111111111111111111111111111111011101111101111001
011111111111111111111000001000
000011111111110011010110110101
011111111111111111110010001011100000111000
0000111111111111111111101111010100000010111110010011010011110111010010
001111111111111111111111111111111111111111111110110
00111010111011100100000111000111100110001011010
00111111111111111111111111111111111111111110001110000010110101111011101111100111110101
0111111111111111111111111111111111111111111111001010101001011110011100010
0011111111111111111111111111110000000010101011100101100000111110001010111000011110000010
001111111111111111111111111111111111111111111111111111111111111101111000100110100110101101010001101011011100101110111110110
001111111111111111111111111111111111111111111111111111111111111111100001000011010001100
00011111111111111111110101001101001011110000011111010010001100110000101111100000111000011001010100111101101
011111111111111111111111111111111111111111111111111111111111111111111111111111111111101010101110000101110010
00111111111111111111111100011110110100000100100110101110011101
011111111111111111111111111111111111111001100000101110111100000001000110010011110110100111110010111000010010111110100101
011111111111111111111111111111111111111111111111111111111111111111111111111111111000101101101010100101001
01111111111111111111111101100011101010101101110000011010111
01111111111111111111111111111111111110000010010111001001101101101001000101001101100
0001111111111111111111111111111111111111111111111011110
00111111000000001001010100010111110011001110111000001000101100100
00011111111111111111111111111111111111111111111111111111110100010010001011100101011011101110001101110000101010000111101100000111110011001
01111111111111111111111111111111111111111111111111111111111111111111111111111110011101011001110000001110011110101001010000110
001111111111111111111111111111111111111111111111011
0111110101110100010110011001101101001110111001111010001000000011010111110011101110011011000000
000000011111111111111111111111111111111111111111111111111111111111111111111111111111111111000000
00000001
0001001110001010110001111111111011111011001011001000011111101110101000001010000000
000000001111111111111111111111111111111111111111111111111111111111111111111111111000100111011010011100101001100010101011101010101111011101111
01111111111111111111111111111111111111111111111111111111111101011
011111000111011100010101111101110101100011010010001110101
0111111111111111111111111111111111111111111111111111110011000111101100100001100011010100001000100011101010101101100101011000010110100
00011111111111111111111111111111111111111111111111111111111111111111111111111111110010000100100101000100100100100001110110
00111111111111111111111111111111111111111100010101000011
0111111111111110111010110110000001001001000101011100011010011110011000001101100
000111111111111111111111111111111111111111111111111111111111111110101001110001111101010011001100
000111111111111111111111111111110010001010000110000001110011001011101011110101011001001100000110011010110
0011111111111111111111111111111111111111111111111111111111111111111111111010000100000101111011110001001101111110010000110010000011011110110001001000000000111100111
0111111111111111111111111111111111111111111111111111111111111111111111111111111111111111111001111111100101
011111111111111101001010100111000101111000010010
0011111111111111111111111111111111100101011101011110001100
00011111111111111111111111001001100
00011111111110101000110111001011
0111111111111111111111100000011110011101000101101101110011010100011101010010110101001100101001110100101101
01111111111111111111111111111111111111111111111111111111111111111111111111111111111111011000000
00000001111101110001110101101
0111111111111111111110000000101110000011010001111110000100010101101010110001011111010011100001101101001101010100
0001111111111111111111111111111111111111111111111111111111111111111111111111111111111111111111100101
0111110000110111100111111101110011100010011100111010110110001010110110011000110000001001001000111
01111111111111111111111111111111111111111111111111111111111111111111111111111111111111111111011111010001110111011100011011011011100101100100111010000000110001110001101111010000
0000011111111111111111111111111111111111111111111111111111111111111111111111111111111110100001001011110101100000000101010110101100111101100100100101110000011100
00011111111111111111111111111111111111111111111111111111111111111111111111110010
00110110001111111110001001011
01111111111111111111111111011001110010010
0011111111111111000000010111010110011010100101000010
001111111111111111111111111111111111110101000011010101110000011010011101001101110000010011001100100001000010001011111
01111111111111111111111111111111111111111111111111111111111111111111111111111111111110010101110011
01111111111111111000011110111101010100100100011000110010101011010111011011000011011000010110
0011111111111111111111111111111111111111111111111111111111111111111111111111100111000010011100100001101001001001001101110110110110100010100111000101111010010
0011111111111111111111111111111111111111111111111111111111111111111111111111111111100110110000111110110011010101100111111010111001111010001100001111111011111101001111000
0000111111111111111111111111111111111111111111111111111111111111111111111111111111111111000110100101001001000000
00000001111111111111111110001101010001110001101010101000010111100100110100011011111
01111111111111111111111111111111111111111111111111111111110101001011011111011011111
011111111111111111111111110100011110010011111010000001101000110111110101111101011
01111111111111111111111111111111111111111111111111111111100000011100011111000000001010
001111111111111111111111111111010000000010111100000010111000101110101101110101100
0001111111111111111111111111111111111111111111111110110010000100010100000011010000000101011101100101101010101100
000111111111111111111111111111111111111111111111111111111111110010001110000101010101111110111110111111010110100010000100
000111111111111111111111111111111111111111111111111111111110011011111111110110000011100010001010010110011111101
01111111111111111111111111111111111111111111111111111110100011001101101111010100001001011101101000110000011010001001100010000010100010101
0111111111111111111111111111111111111111111111111111111111111111111111111111111111111110101011110
001111111111100110111001011110111001011110
001111111111111111111111111111000001001011000
0000111111111111011011000010011100011
01111111111111111111111111010101110011100011010010101110000011101111000101001011100101000001000
000011111111111111111111111111111111111111111111111111111111111111111111110001000000100011000100000111011001011111110011011011011010011010001110110111101011011101010
0011111111111111111111111111111111111111111111111111111111111111111111111111111111111111111110010110001101100010110011010110101001101110
001111111111111111111111111111111111111111110001001101000111100110001011111010001101001111011101100101111110101111100001101100110
0011111111111111111111111111111111111111111111111111111111111111111111111111111111111001001111100111010110101010100100000000100110010000111010101000101101001010101111
011111111111111111111111111111111111111111111111111111111111111111111111111111111010011101001011111010011001111001011011110000010011101
0111111111111111111111111111111111111111111111111111111010000100111001001000111101000111110011101110001110100111100
00011111111111111111111111111111111111111111111111111111111111000011100111111110111000100001100101101111000111000011000000101111001101011101011000100
0001111111111111111111111111111111111111111111111111111111111111111111111111111111111111000000100101110010000001111000000101010110000100100000011001001101110100101010001110000
000001111111111111111111111111111111111111111111111111111111111111111111111111111111111111110001101001001101101100
000111111111111111111111111110110001010010000010010110100011010111001001000001011000100011101111010
0011111111111111111111111111111111111111111111111111111111111111111111110101111101100000111001001101001010001110011
01111111111111111111111111111111111111111110010000101111110011111111000100100010001011010111001100001011010001
01111111111111111111111111111111111111111111111111111111111111111110000010010001000011101011010111010001110000001011000
00001111111111111111111111111111111111111111111111110011010001011111010110010010000100000111001101001110000011110101110010110010
00111111111111111111111111111111111111111111111111111111111111111111111111111101100011111001010100100010
00111111111111111111111111110101001100111101111000100011000000101101010000011101111011111010101011101101011100111101010
0011111111111111111111111111111111111111111111111111111111111111111111111111111111111111111011000001000011100000100000101100010111110001011011000000100
0001111111111111111111111111111111111111111111111111111111110000000000010001000110110111010111111001011101000011001010011111010111001011
011111111111111111111111111111111111111111111111111111111111111111111111111110111000011
011111111111011001001011101001110101101010110100001000111111111000110100000001101000010010000010111
011111111111111111111111111111111111111111111111111111111111111111111111111111111111111101111011010101110101100011101
01111111111111111111111111111010100111111101
011111111111111000000100111
0111111111111110
001110110010000110100111000110011000110001
01111111111111111111111111111111111111110111010101001100100101100011100101100
00011111111111111111111111111111111111101000010110101011110110010010010110101011001011001001111010010000001101011110
00111111111111111111111111111111111111111111111111111111111111111111111111111100001101101110010011011011010000101110000011110101100100111001
01111111111111111111111111111111111111111111111111111111111111111111101101111110111111101010100011100011110000101110010111000100000010101000111110100
0001111111111111111111111111111111111111111111111111111111111111111111111111111111111110001000101100111011010010000100101111000101110100000110001
0111111111111111111111111111111111111111111111111111111111101010100011001010101111101000011110001001000111011110000011000010100
00011111111111111111111111111111111111111111111111111111111111111111010011010010011110011100001000101
011111111111111111111111111111111101101001010001101110011011000111110001011111001101111001101110
001111111111111111111111111111111111111111111111111111111111111110111110000001111110001000010100000001001110100000101111000011000
000011111111111111111111111111111111111111111111111111111111111111101111101101000010001001101101010111010101010011101110010110011111011111
011111111111111111111111111111111111111111111111111111111111111111111111000011000111101100110111111001011001111001111000001111001100001011011111100010110111
0111111111111111111111111111111111111111111111111111111111111111111111111111111111111111010000101001001110100001001010111101101100110011111110000111001001010111010110101100111110
001111111111111111111111111111111111111111111111111111111111111111111111111111111111111111111100100000000011010111101111001110101100111100100010011
01111111111111111111111111111111111111111111111111111101100100101100110110001100001000111010101100101001011100111001110001101
011111111111111111111111111111111111111111111111111111111111111111111111100100100101101110001010010010100010111111010111110010
0011111111111111111111111111111111111111111111111111110111011010110100100000001000101101000111011011110000000001001100100111111111110
001111111111111111111111111111111111111111111111111111111111111111111111111111100110111000101110011110010001110111010
0011111111111111111111111111111111111111101000011101001001111010010110011110001100010001100
000111111111111111111111111111111111111111111111111111001111111000000100010100100101011101011000100110111011100000010
001111111111111111111111111111111111111111111111111111111111111100101111010011111010100000001000110000110100
00011111111111111111111111111111111111111111100000011101101000011111001000110000000111000110011001001000000101010110
0011111111111111111111111111111111111111111111111111111111111111111111110110111011101110011011110111110110010
0011111111111111111111111111111111111100001001111000000111111111011011111011001000100011110110100110100001011001001011
01111111111111111111111111111111111111111111111111111111111111111111111111111111110100001010010101000001011011111101100001110111100111010001010000111011110101110000010101
0111111111111111111111111111111111111111111111111111111111111111111111111111111111111111111111101010111101100101011011011010110010000010111010100101010010000110010010
001111111111111111111111111111111111111111111111111111111111111111111111111110111101010110110110111000111000101101101001010101001110000111000010110000101111011011110
001111111111111111111111111111111111111111111111111111111111111111111111111111111111111110110110110000001110101
0111111111111111111111100011111100101100010010100111001001101000011011010000111001111000
000011111111111111111111111111111111111111111111111111111111111111000000101010
001111111111111011001000110000000111001001011101101010000
000001111111111111111111111111111111111111110000001
011111101111111100101110100011010110000010100110111110011001101100101010101101100000
0000001111111111111111111111111111111111111111111111111111111111111111111111100000
00000011001100111010101110000010001001
01111111111111111111111111111111110001001000010010011011110011111101011000011011110101010010011110010001010110010011111101001110101
01111111111111111111111111111111111111111111111111111111111111111111111111111111111111111111111111110111011011100100010111101101101111111011100110010110110000011100111100
000111111111111111111111111111111111111111111111111111111111111111111111000111111110110111010001
01111111111111111111111101110111111011001100100100001
011111111111111111111111111110100010110001100111001000110010110001011111110110110010001110001000
00001111111111111111111111111111111111111111111111111111111111111111110010011110101011101
01111111111111111111110011111110101100110010010100101000101110001101100000010001000100110
001111111111111111111111111111111111111111111111111111111111111111110110001100101010011110111000101111010011111010010110011001110001001001111110000001100010011010011
0111111111111111111111111111111111111111111111111111111111111111111111111111111111111111111111111111110001111011
0111111111111100111001001000010000000011110011011011100100001000110001000
0000111111111111111111111111111111111111111111111111111111100000110011001110010110
00111111111111111111111000110011111110001001101100011101101101010011111000011001100101100001111101100111011101
01111111111111111111111111111111111111111111111111111111111111111111111111111111111111110101011000001101011011000011010011010111111110001111111011011011101101011
011111111111111111111111111111111111111111111111111111111111111111111111110111101000011111100100101000010001100101001001110100111111100011101001011111111100101001010110100
000111111111111111111111111111111111111111111111111111111111111111111111111111111111111111111111100001001110100000111000110011001111
011111111111111111111111111111111110011111000010110000011010010000011101101100001010010
0011111111111111111111111111111111111111111111111111010101110001011011100000111101000010100011100
000111111111111111111111111111111111111111111001010011001001001110011
011111111111111111111111000010000100001111010110101110
0011111111111111111111111111110101111110000010010101110000101011100010
001111111111111111111111111111111111111101010011000011000101111011011100001101100110000101111101110000100101101100101111111010000010110
00111111111111111111111111111111111111111111111111111111111111111111111111111111111111111111111010000000110001000001000001111010000111100000111
011111111111111111111111111111111111111111111111110000011011
011111111111100111001100100100000101111110001000110
00111111111111111111111111111111111111110100110001000100000010011100
0001111111111111111111111111111001111100011101100011001000110000100000111
011111111111111111111111111111111111111111110101001011010101011100000111100001011101110000001101011110010110111111101110110000010
00111111111111111111111111111111111111111111111111111111111111111111111111111111111111000101101000011010001001001111011110110100010110010001001011
011111111111111111111111111111111111111111111111111111111111100011110000010001110010010110011010010
001111111111111111111111111111111111110001110111100110110100001101011010101111010010110010000111111000010010111100100
00011111111111111111111111111111111111111111111111111111111111111111111111111110110100010101110111000001110010101010010010
001111111111111111111111111111111111111111100100011100
000111111111110100111101000110100000001000000111111110
00111111111111111111111111111111111111111110110111111101011000010000010100110100100110111111101011110011010001111010101000100110110000111
011111111111111111111111111111111111111111111111111111111111111111111111111111111111111111111110110010111011100110100010111000101011111110001101111000110001010111111001010101101011101111
0111111111111111111111111111111111111111111111111111111111111111111111111111111111111111111101110001100101100110010001011001001010010110111011110
001111111111111111111111111111111111111111111111111110100010000010101111101000110101001000000111001110000101110000010010000110010100110
00111111111111111111111111111111111111111111111111111111111111111111111111111111111111110001110010111111000111101100111001011111110101010110011011001110011011010000
000001111111111111111111111111111111111111111111111111111111111111111111111111111101100110011101111100011001010110001110010100110110110101011111111011000001101101000000001110100011
011111111111111111111111111111111111111111111111111111111111111111111111111111111111111111111111110100010011111111110011110001101011011000101111000110000011110000011000010110001011000111
011111111111111111111111111111111111111111111111111111111111111111111111111111111111111111011010111110110100100000000111011000011100011110100001101110110001110000011000111111
0111111111111111111111111111111111111111111111111111111111111111111111111111111111111101111001110010110010001111110010011101101010101000000001100101111
0111111111111111111111111111111111111111111111111111111111111111100001011111001000101001011100101100011011001
011111111111111111111111111111111111111111110001111111001001001001000010011100
000111111111111111111111111111111111100111110100011010010101111100010101000100000011010011000
0000111111111111111111111111111111111111111111111111111111100000100111100000011000001100000010110110100101001010110000101010000111000101110
00111111111111111111111111111111111111111111111111111111111111111111111111111111000110000000010111100
0001111111111111111111000100000011011111101110100110101110111010111110110111101100100
00011111111111111111111111111111111111111111111111111111111111111001111101001000111000011100000100011011010110
0011111111111111111111111111111111111111111111000101000000000001011101100000100011111001011010110010111001000110100000
00000011111111111111111111111111111111111111111111111111111111111111111110000111000110010001010001101001110101110101011111011110110100001001110110001101
0111111111111111111111111111111111111111111111111111111111111111111111111111111110010100011100
00011111111111110010111100011110011011101011111000001111000000110110111001
0111111111111111111111111111111111111111111111111111111111111100111
01111111100011101100
000111111111110010110110100111111010111101011100100000001111110101010
00111111111111111111111111111111111111111111111111111111001000101100110010001000
000011111111111111111111010101000001101000000101101011101000010111100000011100111
01111111111111111111111111111111111111111111111111111111100010101010100111011100100111
011111111111111111111111111111100101011101101001101001
01111111111111111111111111101101100010000001010010000111100010101010111111110000110011010100111100010010
0011111111111111111111111111111111111111111111111111111111111111111111111111111111111111100011011
01111111111111111101000010000001000011101001011111
0111111111111111111111111111111110110110000010110100110001000000001010101
01111111111111111111111111111111111111111101100110010110001011011101011111
0111111111111111111111111111111111000011111100101000101100001100101010101101000000001110010100110100101110
001111111111111111111111111111111111111111111111111111111111111111111111111111011110101011111110001010100100100111110100000001111010010
001111111111111111111111111111111111111111111111111111111111110000000001101111011100011000100010
001111111111111111111111111111111110001010100001111100011000101110110111001001101010000100011000101110111000100110001101
01111111111111111111111111111111111111111111111111111111111111111111111111111111111111100001100111000010000111101011111110
0011111111111111111111111111111111111001010001111100111110111000000000101101000101111111
0111111111111111111111111111111111111111111111111111110111000011111000100001001000010100011010110000000011000101010100001100110111111010000101011
011111111111111111111111111111111111111111111111111111111111111111111111111111111111111111111111010010101100000101000110111001111100000011001011000
00001111111111111111111111111111111111111111111111111110110011110000011010111100000010110100001
01111111111111111111111111111111111111111101110000010111
011111111111111101011011010110001100000000010101111100010000110101000011001000101100111110010011001001
011111111111111111111111111111111111111111111111111111111111111111111111111111111111111000011010011011000101110111000000001100010
001111111111111111111111111111111111111111001010010
00111111101001010001101
0111111111111101000110100110100001111011110100110000100111001001001100011110101
01111111111111111111111111111111111111111111111111111111111111111010110010010101011010000100100010111011010111101101111111100010001111000
00001111111111111111111111111111111111111111111111111111111111111111111100110000010111000000101
011111111111111111111110111100110010000111111101001111010011000101010111110
0011111111111111111111111111111111111111111111111111110011111000110110011100110001110001100011101011101011000001110111001010110100010110001000110
001111111111111111111111111111111111111111111111111111111111111111111111111111111111111111111111111000111101010100111011001100010001101110010100011100101100000100100111010
001111111111111111111111111111111111111111111111111111111111111111111111111111101001011111000011001010111100110101010001010110110000011000000010101100011001111110011110110101
01111111111111111111111111111111111111111111111111111111111111111111111111111111111111111111111110100
00011110011000100000011001000100011011000000101111110001101110111111110101001010000110100011000
00001111111111111111111111111111111111111111111111111111111111111111111111111111111111111111101001100
000111111111001110100110111000110101110111001
0111111111111111111111111111111111011110010011101111
01111111111111111110101001010110010011001100001000010111110101000000100
00011111111111111111111111111111111111111111111111111011101111011010101000110111110010100001000010010000001100100011100111010101010011001001111
0111111111111111111111111111111111111111111111111111111111111111111111111111111111111111110110010100111000100010110011101011100111110100100001000110011100010
001111111111111111111111111111111111111111111111111111111111111111110000000101011000100001001011010100
000111111111111111111111111111111111011000110000
00000111111111101000011001011011011111111011001101
01111111111111111111111111111111111110111000000001000010110001101000110000101111110001100000010111000001000100
000111111111111111111111111111111111111111111111111111111111111111111111101110111100100110010
00111111111111111111100011
011111101110100100000000000101000100011000111110001000111111011010001100101010101111100010
001111111111111111111111111111111111111111111111111111111111111111111111111111111111101111000000001011000100
00011111111111111111111110000111110011100110010110110
00111111111111111111111111111100111010101011111010001010010001111010100101101000
000011111111111111111111111111111111111111111111111010100010010011011010011001010010100101100101111110001001000100111100101011100100111001
01111111111111111111111111111111111111111111111111111111111111111111111111111111111111101001000110100110110100000011101001101011010101011011100001111001001000101011101011101000101111110
0011111111111111111111111111111111111111111111111111111111111111111111111111111111111111111111111100100110010001110010111110001111011010100101001
0111111111111111111111111111111111111111111111110110000001100101
01111111111111111001011110011000100110110111011000001010000111000110101000
00001111111111111111111111111111111111111111111111111111100011010011101010011111110110011011011110001011001100111111010110011010011000100010
001111111111111111111111111111111111111111111111111111111111111111111111111111111110101000011101110010011111100110111011110010000000001001001000110001000100001
01111111111111111111111111111111111111111111111111111111111111111111111111110100100101111110110001110010010110111111011000110111101100000010100
0001111111111111111111111111111111111111111111111111111111111111111000101001010011010010101000101110001001001101000011100100001
01111111111111111111111111111111111111111111111111111111111111100100001011011010010000110111000010010010011000111010101100011101010001110111110110
00111111111111111111111111111111111111111111111111111111111111111111111111111111111111110011000000010101100010100110001010000100011100111000000010001
0111111111111111111111111111111111111111111111111111111111111110001001110101111010
00111111111111111110100000101010001111100100001100001111001001011101010110110011110111101011000
0000111111111111111111111111111111111111111111111111111111111111111111111111111001100101101
011111111111111011101101010101010011001000011011110010001010010011111110000
00000111111111111111111111111111111111111111111111111111111101110010011
01111111111011110111101100110110010101101101
011111111111111111111111111111111000101001101010001111000010001010100111111011111011010001111
011111111111111111111111111111111111111111111111111111111111001011110101011010000000110000010111101011010011101101001000101010
00111111111111111111111111111111111111111111111111111111111111111101111100101010001010
0011111111111111111100000
000001110101001110010110101000001001000110100010111001010000110100001010100000110001000100
0001111111111111111111111111111111111111111111111111111111111111111111111111111111111101110010001010101010000000010111001001000000001000110010000011000000000101101010111
0111111111111111111111111111111111111111111111111111111111111111111111111111111111111000100100011101001100000011010000111000010110001101100011011111101100011010100
0001111111111111111111111111111111111111111111111111111111111111111111111111111110101011001010011000100000100101110000
000001111111111111111111111111111111111
0101001
0111111111000011000111
011111111111111010110101011110110110010100110001101101111100111001001011101
011111111111111111111111111111111111111111111111111111111111110101110111100101010110001010001111000
000011111111111111111111111111111111111000111111100100001000110011100100110011
0111111111111111111111111111111111111110111010110011011
011111111111111111000111010101011100011101101011101011010
0011111111111111111111111111111111111111111010001000011
011111111111110110010111000110110111001110100001111110101001011101100011100010100
0001111111111111111111111111111111111111111111111111111111111111111110001111011111011011010101111011111001110101111100000111011001010100110101001101000
0000111111111111111111111111111111111111111111111111111111111111111111111111111111110011110011011110111110011001111001011100011101000101000111110101110011010110011111101111
011111111111111111111111111111111111111111111111111111111111111111111111111111111111111110110100011000000001111010000000010010100011110001
01111111111111111111111111111111111111111111111111010101111110010101101001110001101100000001111110001
0111111111111111111111111111111111111111111111111111000000010111110000000011111100110000101100010001
011111111111111111111111111111111111111111111111111011101000010011001110101110010010100001001111011111011011111011111110101110111100100010110
001111111111111111111111111111111111111111111111111111111111111111111111111111111111111111110001001000110010
00111111111111110111011100001100100101010111110101110100000110111001010010011000010
0011111111111111111111111111111111111111111111111111111111111111111110010010110000100000000011111100110101100111100011110000110100111011101001010101111001011011010101
0111111111111111111111111111111111111111111111111111111111111111111111111111111111111111111111111111001100101111100101100000101111001001100111101011111101000000001111011101111100101100101111
0111111111111111111111111111111111111111111111111111111111111111111111111111111111111111111001000100001010111010011010101010000010101
0111111111111111111111111111111111111111110111101010111101000100111011001110010100011111100101
0111111111111111111111111111111111111111111111111111000101110111011000101010001000001110010001010111001001011010010010001111000000001001000011001
0111111111111111111111111111111111111111111111111111111111111111111111111111111111111111111110001111110110101111011110011111010001000000011101011101010101110011110100001001110110111
01111111111111111111111111111111111111111111111111111111111111111111111111111111111111110011101100000100011010011000010001110000001010000001
011111111111111111111111111111111111111111111111111100011110011111100100111101001100110101001001111