470
101011010000101010101001011001111010011110100011111111010101100110001010011
011111111111111111111111111111111111111111111111111111111111111111111111111000110101010000101011111001
0111111111111111111111111110001001101100000111001011001010110000111011101000000000011101101110011100
000111111111111111111111111111111111111111111111111111111111111111111111111000011101100100100001011110010001000011101011011011110011000110100000
000000111111111111111111111111111111111111111111111111111111111111111111001100010001101001110101001010010
0011111111111111111111111111111111100010110000110110100100110011110010000001000110110000100100011111011111110011101001111111111000101
01111111111111111111111111111111111111111111111111111111111111111111111111111111111111111111111111101011010011100111111111010011010001111110100000001101101010100110100011110110
001111111111111111111111111111111111111111111111111111111111111111111111111111111010000011001001011
011111111111111111111111110001101110110010100010000010111100101110
00111111111111111111111111111111111111111111110000111111000010011001000001011101000100111111000111101110110010010100101
011111111111111111111111111111111111111111111111111111111111111111111111111111010010011100101011001010110100000010110011000010011
0111111111111111111111111111111111111111111111111111111101010111001000001100110101110111000011
01111111111111111111111111111111111111111001010111111110
00111111111111110111000100100010010100010000010000111111101111100111010111110100111
01111111111111111111111111111111111111111111111111111111111111111110111000010101110110001100100011001100100010010000101001001101100001000011101101100101010111
0111111111111111111111111111111111111111111111111111111111111111111111111111111111111111111101111010101111110001011110011101000011110111001011111101110111
011111111111111111111111111111111111111111111111111111111111111000101101011010110001000110111001000
00001111111111111111111111111111111111101010011110010001110001110101010111010101101101100011
01111111111111111111111111111111111111111111111111111111000000000001110011101100011
0111111111111111111111111111100101100101110110100110000000001100011111100101110000000010000101100111000011111
0111111111111111111111111111111111111111111111111111111111111111111111111111111111110101001000100001011101010011100111001110000111100010010000101000111001110111000010010111010010
00111111111111111111111111111111111111111111111111111111111111111111111111111111111111111111111111010000001101001100010011100011110110001111
0111111111111111111111111111111111111111111101000011111010110100011010011100001
0111111111111111111111111111111111101100010011010000011111010001100011011000
00001111111111111111111111111111111111111100110100010111111001100111111101010010001110101010111
01111111111111111111111111111111111111111111111111111110101101000000111110011
01111111111111111111111001001110001000101110011111001101010001001100011100111111000100111111110001100010111101111011011110
001111111111111111111111111111111111111111111111111111111111111111111111111111111111111111111111111111001
01111110101000000011001111100111110010
0011111111111111111111111111111110001001110100100010011010011000111011100110010101011100111000110000001011111010
00111111111111111111111111111111111111111111111111111111111111111111111111111111110011010101101001101000011011111111110011110010011100100010110011001111111010111001101
011111111111111111111111111111111111111111111111111111111111111111111111111111111111111111111111101110101001010111100100100
000111111111111111111111111111111111
01110100000001011001001111101011001010001011
0111111111111111111111111111111111111111111101011010110001001111000000011001000000111011001000010101001011000100
0001111111111111111111111111111111111111111111111111111111111111111100
001001011111101101010011100111100100010011000010
001111111111111111111111111111111111111111111111110101000011110011111111100100001111010100001011
0111111111111111111111111111111111111111111111111110100101101001101000111000110100011001001000111110011111010010001010100111011100
000111111111111111111111111111111111111111111111111111111111111111111111111111111011010101000100101010010001111101010110111000
00001111111111111111111111111111111111111111111001101010001101111110010111100001001010111111010001110011110000101100000100010010111111010000010
0011111111111111111111111111111111111111111111111111111111111111111111111111111111111111111111111011000110110100101000100000011000101011110000010100111011101111011110110010111111011101011
0111111111111111111111111111111111111111111111111111111111111111111111111111111111111111111001000010011000001000101110111001011011011110100
00011111111111111111111111111111111111111111111111100100011101100010000010000011100100010010
0011111111111111111111111111111111111111111101100111001111010010000110101010100011011111101001111100101000
000011111111111111111111111111111111111111111111111111111111111101000010010101100001010000
0000011111111111111111111111110001110101110101000101
0111111111111111111111111000000011011001001111100111000000100001011001000101110001100
00011111111111111111111111111111111111111111111111111111111110111000011100111110111000000010101010110100010010010001101110111010111101111010010
001111111111111111111111111111111111111111111111111111111111111111111111111111111110001001011001010101011110110101010110011011011001111010100010100000010010111101110110000100110001
0111111111111111111111111111111111111111111111111111111111111111111111111111111111111111111111111011011111011010110001110010101101001011001001001111111110110111001110100010010001
0111111111111111111111111111111111111111111111111111111111111111111111111111111111101110101111110001100110101000011000011010000101000111110101011010
001111111111111111111111111111111111111111111111111111111111111111111001101101001011001000001110110011100000000101010111111010011100110010100001000100110101101001
0111111111111111111111111111111111111111111111111111111111111111111111111111111111111111111111110101
0111101010111110110100001000100100011100101001111100011111000000001000100010001000010110
00111111111111111111111111111111111111111111111111111111111111111111111111111111111110
001010110101010010011000
0000111111111111111110001011101010010110001100010111011111
0111111111111111111111111111111111111
11101
01111010100101001011011001100001
011111111111111111111111111110001011010101100101111100111101100110010010000111001000001111010101101011010000000100000001111111
01111111111111111111111111111111111111111111111111111111111111111111111111111111111111111111111111101000111010001010001101010000110111011011010000011011000110000101100001000110111000
0000111111111111111111111111111111111111111111111111111111111111111111111111111111111000001000100010010100000001
011111111111111111111111111111011110001001001011001000
00001111111111111111111110101011111011101000000010111101001010101010110011011000100001000100001101011010010100101
01111111111111111111111111111111111111111111111111111111111111111111111111111111111111111111010110100001111010
00111111111111111111111011000000101011010101100000101111101011100011001001110100010000110111111101100100111101
011111111111111111111111111111111111111111111111111111111111111111111111111111111111111101001000010111100011001010010010001110011101111100011011101010
00111111111111111111111111111111111111111111111111111111111111101110010001100101110011101001100010010000111010000000000011001110111
0111111111111111111111111111111111111111111111111111111111111111111110000110100011010100101110100011
011111111111111111111111111111101101110100011110001100100010001100000101101010101111000110110100
00011111111111111111111111111111111111111111111111111111111111111111001001101000
00001111111111111111110100001001010011000010011000111
01111111111111111111111111111111111111011111011010101111110001101001111110100011110000000011110000100011001001001111110001111110
0011111111111111111111111111111111111111111111111111111111111111111111111111111111111111110100101
0111111111011110001100011111
011111111111111111111011101001000000110110000001001111100101100010101010
001111111111111111111111111111111111111111111111111001101111101100000010110001000011001000000001010001110010111101000000011010000
0000011111111111111111111111111111111111111111111111111111111111111111111111110111010111010111010111110000000011110010
00111111111111111111111111111111111111110011001001110
001111111111111001000111001100011000001010111001001000101110011010011111011110010100100111111010
00111111111111111111111111111111111111111111111111111111111111111111111111111111111100010010011100100010111100010011111101110101010011000110111100001110101010001011001000
00001111111111111111111111111111111111111111111111111111111111111111111111111111111111110000
00000100
000010010000000100110010110000010001101010011110001
01111111111111111111111111111111111111111111111101100000011111001011100100000111110101
01111111111111111111111111111111111111001110101110010101100001111110000100000000
0000000001111111111111111111111111111111110110101011011110100110010000100001000101010111110010
001111111111111111111111111111111111111111111111111111100101010110100000111100100100111111
0111111111111111111111111111111111111110101101011111110010100011000010011010010100000001100100001011110111
0111111111111111111111111111111111111111111111111111111111111111111101100011011011110111101000
000011111111111111111111111110010101101001100110001000101011111000011010111100010010100001110111010111101001
011111111111111111111111111111111111111111111111111111111111111111111111111111111100110101011011000010010101011010010011100100010111111101100111011100001111110111000111001000110
00111111111111111111111111111111111111111111111111111111111111111111111111111111111111111111111001000111101101111110100000110011001110111111011001110101011
011111111111111111111111111111111111111111111111111111111111010010101111010110011100110111100110100101011111111111010011110101010110100000101101010
00111111111111111111111111111111111111111111111111111111111111111111111111111111111111100101111111001101100011111000111011010111000011011101001101110001100101110
00111111111111111111111111111111111111111111111111111111111111111111111111110110001
0111111110011010001000101000101010000001010110110110001111110011110000010000001101
01111111111111111111111111111111111111111111111111111111111111111111111110011000100111000000110011010110111011101000111001100010
00111111111111111111111111111111111111111111111111111110
00100111011100100000010010110111010111101011010111001000110111101101001010100101011100100
0001111111111111111111111111111111111111111111111111111111111111111111111111111111111111001010110
0011111110010110
0011111011111010010100011101010111001
01111111111111111111111111111101101010100111011000010000000011111111100111011101110100101010111001011010001110010000010
00111111111111111111111111111111111111111111111111111111111111111111111111111111111111111000010111000010001010101010001101101001000100110010
00111111111111111111111111111111111111111111111111110100101010001011010000001101011100111111110001111100101001111110001001011010101110111010
001111111111111111111111111111111111111111111111111111111111111111111111111111111111111111010100001101
011111111111100000111100011101
0111111111111111101100000110101101101111011110010010111011101100
0001111111111111111111111111111111111111111111111001011011001010101000000001100000011111001010000111000000001000010011000111111000110100101011111
011111111111111111111111111111111111111111111111111111111111111111111111111111111111111111111111111011111001100110101000000001110100011001101011010111001001101101110101110
001111111111111111111111111111111111111111111111111111111111111111111111111111010000001000100
000111111111111111110010100110010110110000000111010010110011011
011111111111111111111111111111111111111111100111011011100001101011
011111111111111111111110000010001010000100100011101010
00111111111111111111111111111110000111011001100011011111001101000001111111010000000101111100001000010111011101001010000
000001111111111111111111111111111111111111111111111111111111111111111111111111111111111100000
0000011111010110001111110000101011000110000100110000110111001100001111
01111111111111111111111111111111111111111111111111111111111111111001110001000000001000111000100110011110111100010001110110011000101111101100101110110
00111111111111111111111111111111111111111111111111111111111111111111111111111111111100101110001011001
0111111111111111110101000010000111010101100011010
001111111111111111111111111111110111001010001011100011101011111101111
01111111111111111111111111111111111110111110100001011101111100110010001001000100111101110111010111111010
001111111111111111111111111111111111111111111111111111111111111111110000100111001010111011101011100010
001111111111111111111111111111111111101101010101
0111111111111001010011111000101000100010011100111000010101000010111010111110110111101000101100000010110
0011111111111111111111111111111111111111111111111111111111111111111111111111111111111111111010010110101111110000100110110110010011011100110001110110111
01111111111111111111111111111111111111111111111111111111111110100000110110101111100011010001
011111111111111111111111111111100000001100101110111001110001010001110111000101011010010111101101100111111111001111
011111111111111111111111111111111111111111111111111111111111111111111111111111111111000000001010
0011111111111011011111010010010011011101111000100011001110
00111111111111111111111111111111111111111111101011111110101111111010011001110111010111001011010111101111101110000000111000101100011111001111
0111111111111111111111111111111111111111111111111111111111111111111111111111111111111111111111110000110110110110010101010101000100111100
0001111111111111111111111111111111111111110100100001000100110101101001001001110101001100010000110
001111111111111111111111111111111111111111111111111111111100110011010111111011100101000000011100101111100000111
011111111111111111111111111111111111111111111111111111100
001000010110001010011001100001010
0011111111111111111111111111111101100011111000
0000111111111110011011101101
01111111111111101000010101000011011100110001001000100010011
011111111111111111111111111111111111111111111111011110010101100011100111010111110111010100100101101011100010001010
001111111111111111111111111111111111111111111111111111111111111111110101100000001111100111011101101110010110101110001101001000110
00111111111111111111111111111111111111111111111111111111111110110011100111110010001100101110101010110001010010000001100111100101001011001011110
00111111111111111111111111111111111111111111111111111111111111111111111111111111110101101010000011000000010010000011110100000101001
011111111111111111111111111111111111111111111111111010011011010100010110000101100110111011011100000011000011001
01111111111111111111111111111111111111111111111111111111111111011011111100100000001000011111011111000000011110000001100110011001110111
01111111111111111111111111111111111111111111111111111111111111111111111111111111100101
01111111111111100001110110111000001011
0111111111111111111111110001110100010001111010100100010101010100110101101110
0011111111111111111111111111111111111111111111111111001100000101110011000100010111100001100000000011011010010010110011100011000100000111000101010010000
0000011111111111111111111111111111111111111111111111111111111111111111111111111111111111111111111111001
011111001001001000000001000111111011101100010110101100101101011001110011000001010101111001011
0111111111111111111111111111111111111111111111111111111111111111111111111111111111111111111100110011011100110101010111101000011101100000110001111
011111111111111111111111111111111111111111111111111111111010011100111111110001101010101010110100111001111010110
0011111111111111111111111111111111111111111111111111111010111101000001111000001000001111001101001110101011010010011101100101010100010011010111
011111111111111111111111111111111111111111111111111111111111111111111111111111111111111010100110110110000000100001011010110010110000111001001011111000110000011001110111
011111111111111111111111111111111111111111111111111111111111111111111111111111111011010011000101100100011
01111111111111111111111100110011000000001100001110010100111101111100001010100
000111111111111111111111111111111111111111111111111111010001101111111110000010111110011011
011111111111111111111111111111111111101011001100001100101101010100100001000100011000111100000
00000011111111111111111111111111111111111111111111111111000010101010010101001001010011011110110010011111
011111111111111111111111111111111111111111111111010110010111011111111110010110001101100010100100010111101111001101110011011001011001000001100
00011111111111111111111111111111111111111111111111111111111111111111111111111111111111111111101100
000110011010100100010010000100100010000110000010111010001100110
001111111111111111111111111111111111111111111111111111111111011100101001
01111111111111100100111101111101110101000100101100001001000111010100011011001111111111010010001010110110001011
011111111111111111111111111111111111111111111111111111111111111111111111111111111111111111111111
00100011111110101010101011101001010001001001000
000011111111111111111111111111111111111111111111000100010000001011011000010111111010101001110100110
0011111111111111111111111111111111111111111111111111101010011000111011101110011111010010100010001000011111110000100110110001110101110101100
00011111111111111111111111111111111111111111111111111111111111111111111111111111111111101000000001101010100111011010000101100111100010001100110001110010010011001011110001011000111
011111111111111111111111111111111111111111111111111111111111111111111111111111111111111111110100101100100000110010010110111100011111000010001101110
001111111111111111111111111111111111111111111111111111111010111100110110010010001001011110101000011100111101101010111111101110010
001111111111111111111111111111111111111111111111111111111111111111111111111001001101001111101111010101011100001010000101111010010010110101100101010011110
00111111111111111111111111111111111111111111111111111111111111111111111111111110001110001100111101111001011111101100010010100110100100001000111
0111111111111111111111111111111111111111111111111111111111111111011110111010111010111001101010001011001101111000100110110111111001101010101011000001010000100110011
0111111111111111111111111111111111111111111111111111111111111111111111111111111111111111111111111111101000001011001000111100011
01111111111111111111111111110011001000011
0111111111111101000011000101110
001111111111111111101011101100100010101111010110001101101010101100101111000010
0011111111111111111111111111111111111111111111111111111111110
011100011101011011101100000111101001100111100111110101000010100011001011
0111111111111111111111111111111111111111111111111111111111111111111111111010001000001011111010000100011101010101011111011001000010100101001000100000
00000011111111111111111111111111111111111111111111111111111111111111111111111000000001110
0011111111111101100110111100110101010001111011001011110000111010100011011111101101010001000111100
00011111111111111111111111111111111111111111111111111111111111111111111111111111111111100100011000110101101110010000101011010010100000111110000001
011111111111111111111111111111111111111111111111111111111111110001010
00111111111
011001101011100000011110011000110100110001011100001000110
00111111111111111111111111111111111111111111111111111110111000110111011100001110111011111100110100000110101110
0011111111111111111111111111111111111111111111111111111111110001100001011100001110001000101111110011001011011000000011000001011100100010
001111111111111111111111111111111111111111111111111111111111111111111111111111111100100110001010001001111101111010110101101011111101000011001011101000110110000011100010
001111111111111111111111111111111111111111111111111111111111111111111111111111111111111110101110000010100111111010111
011111111111111111111111111110010010001010111111111
0111111111111111111111101110100110
00111111111111111111101000101001011010000001101011101100110
001111111111111111111111111111111111111111111110001100111111010010111001010100000101011110010110001011010001100000000010001110100
00011111111111111111111111111111111111111111111111111111111111111111111111111111110
0010111100001110010001101010011001001110
001111111111111111111111111111111111111110000110110011000101011100100110010101100001111000000001110110001010000011101000100011101
01111111111111111111111111111111111111111111111111111111111111111111111111111111111111111111101011100000111111101010010101000001001001
0111111111111111111111111111111111111111111101110010011010100110101100110100111100000111001001111110111100
0001111111111111111111111111111111111111111111111111111111111100000010011110011011100010100010011101011000011
0111111111111111111111111111111111111111111111110110100110000110101101100111000100010000010011101100
00011111111111111111111111111111111111111111111111111
101110011111010101001010111001001110010001101001
0111111111111111111111111111111111111111111111110010101101101010000011110110010010101111101
01111111111111111111111111111111111111111111111110100101001111110000111010101011000101100111010100110000101110001000110100001000100001
0111111111111111111111111111111111111111111111111111111111111111111111111111111111111111111001101110110101010011011100110010101010
001111111111111111111111111111111111111100000001100110111111000100101100
000111111111111111111111111111111000101001000010111101010000001111001011001110000010000
00000111111111111111111111111111111111111111111111111101111010110010100001100011110101011
0111111111111111111111111111111111110100111001100000100101000001001111101100011101011101000100000010011101000011110011010
00111111111111111111111111111111111111111111111111111111111111111111111111111111111111111101011101001110010110000011000101000111011001
011111111111111111111111111111111111111111111111100010011001000011111001110111100110011110001011010100001001111110001110111011101
0111111111111111111111111111111111111111111111111111111111111111111111111111111110000011000011100000000000101111110011000
0000111111111111111111111111111111111111111000111111111011110100110001011010011000100
0001111111111111111111111111111111111111111111110101100101000111011001011111110001010001110010000000110100
000111111111111111111111111111111111111111111111111111111111101111011101011110010001110010111011011111100101010110011110101110100101010
0011111111111111111111111111111111111111111111111111111111111111111111111101011000001011100101
0111111111111111111101111000000000101011101001101110110110001011100011110101111011000011101010110100100010
00111111111111111111111111111111111111111111111111111111111111111111111111111111111111
10101000010100000001
011111111111111111111110001001100110101001111000110001111000101110000000
000000001111111111111111111111111111111111111111111101101110010011010100101010000100111000010001
01111111111111111111111111111111111111111111010001100010110111101101111100010000011100000101111100110110011100101011010011101
01111111111111111111111111111111111111111111111111111111111111111111111111111111100
00010000
0000011101001100101010111100111101110101001100110
00111111111111111111111111111111111111111110101000100111110110010011100111010011110101100001111110111110010100101010110101111111
01111111111111111111111111111111111111111111111111111111111111111111111111111111111111001001011101001010011011000100011001011000011010011101010110110111111011111100011011
01111111111111111111111111111111111111111111111111111111111111111111111111111111111110100010
001111111110000101011111101000
0000111111111111111111111011011001111100011011001000000001010100110101110110000100111001101
011111111111111111111111111111111111111111111111111111111111111111110000010010011011101001000101000011100000111001000110100011011010011000101101000001110001
0111111111111111111111111111111111111111111111111111111111111111111111111111111111111111
000001101000001001000101110
00111111111111111111111111111110101
011111110011110100111101110101000
000011111111111111111111101110010001100101001011000001111011001111010111100000100110010011111010100101011
0111111111111111111111111111111111111111111111111111111111111111111111111111111111011111110100000111100101
01111111111111111111111111011110101001000001001110111
01111111111111111111111111101110000101000111111
011111111111111111110000110100010011010110010011000011
0111111111111111111111111111111111011001010110101111000011000000111100010001010010111110100011110110100111101110011001110001
0111111111111111111111111111111111111111111111111111111111111111111111111111111111111111110111101000111101101101110110001101110
0011111111111111111111111111111111111000001101
01111111111001001100000000010011001101010110000101011
0111111111111111111111111111111111111111111100111001010000010111110011
0111111111111111111111111101011110001110111100111011100110000100101100010000100110111
01111111111111111111111111111111111111111111111111111111111010010011110011111101010100000101100000101001011101011111110000100010100101011110110
0011111111111111111111111111111111111111111111111111111111111111111111111111111111110011111010110100000101100100100101011111110010110111010
001111111111111111111111111111111111111111111111111111100111001010110001001111000011010101011111111111101110000000010100110001
0111111111111111111111111111111111111111111111111111111111111111111111100111010101110100010100100001001001000
000011111111111111111111111111111111110100011100000001010110001111100110101111010000100110
00111111111111111111111111111111111111111111111111110000100010100111001011011000
0000111111111111111111111111111111100110111011001101110010001011101110011010001010101001001001101100101
0111111111111111111111111111111111111111111111111111111111111111111111111111011011101111001010001010000110100100001111
0111111111111111111111111111111111111111111011101101000011010110
001111111111111111111010001011011101001110110101100100110110100001000011101100100101010001100011
01111111111111111111111111111111111111111111111111111111111111111111111111101100101101000100101110010010000010000011000100101111111101100101010111010011110001001010
0011111111111111111111111111111111111111111111111111111111111111111111111111111111111111111011011101101101101011000001001100
000111111111111111111111111111111110000101010000111001011000100110000101011100100111100111111100111111110111000111011000000
000000011111111111111111111111111111111111111111111111111111111111111111111111111111111100110110001000000011000111000001111010110111011
0111111111111111111111111111111111111111111111111100100100101111101010001001000110100111010000111100000100001000101111100100010100000110001111
0111111111111111111111111111111111111111111111111111111111111111111111111111111111111111111111111100000110011100001011001110011000011110111100100011000000010001101111100010001010110
0011111111111111111111111111111111111111111111111111111111111111111111111111111111111101101101000110100001101100101000001000011110100010
0011111111111111111111111111111111111111111111111100011100110
0011111111101010110001100111010000011011111111011001000110001101111011011001000101100
00011111111111111111111111111111111111111111111111111111111111111111111111111011101000011111010011110001111011000110001010111101001000111111011110011100
000111111111111111111111111111111111111111111111111111111111111111111111111111000011010110001001110010101101000010110111011101111110010100111101011110101010100101001111110110
001111111111111111111111111111111111111111111111111111111111111111111111111111111111111111111111101100011111000101
01111111111111111100000111000100010010100100001101111101100111011011111010100110100101001110010100101101101111110
00111111111111111111111111111111111111111111111111111111111111111111111111111111111111111111111111000000010111110001100001101010011001001000101110101010100110001000000110110
0011111111111111111111111111111111111111111111111111111111111111111111111111110000001001
01111111110111111111110000110111010100101011001011101011111110000100011111
0111111111111111111111111111111111111111111111111111111111111111100100001110000100000000001100001
01111111111111111111111111111111100010000101100011010010101110110001110101111101001
011111111111111111111111111111111111111111111111111111
011101101001111000000110100110100111000011001011101110001101110001001010111100110010100011011000
0000111111111111111111111111111111111111111111111111111111111111111111111111111111111111111100110000100100101101
0111111111111111111111011110110011
011111111111110010100010111101000000110101111110011010101001101110000001000001010010
001111111111111111111111111111111111111111111111111111111111111111111110101000100101000011011010001101010100110111011110110010000011001000010101100011011001111110
0011111111111111111111111111111111111111111111111111111111111111111111111111111111111111111101011100111011011101111011000101101101111101111111000110110
0011111111111111111111111111111111111111111111111111111111100101010
00111111001000100011001111111100110001111001111010111101100011000111110010100
000111111111111111111111111111111111111111111111111111111111111111111101011011001001101010
001111111111111111111000000011011111110001111101101111111100110100011010110000010101111101011010001001100010110000
0000011111111111111111111111111111111111111111111111111111111111111111111111111111111111111111100000100010110111100101110101101111011001011011111011111100110111111101011011101010001001101101
011111111111111111111111111111111111111111111111111111111111111111111111111111111111111111111111111001110001001000111100111110000101101100101110010100001011101001111001
011111111111111111111111111111111111111111111111111111111111111111111110111110101111100100110110110101001010
0011111111111111111111111111111111111011111001001001111000111001010011111010101111011010110101110111001100
000111111111111111111111111111111111111111111111111111111111111111111010000110100111111111
011111111111111111111101110010001010000000001011001110101010010010011011111110101111010111
011111111111111111111111111111111111111111111111111111111111111111111111101011111100110111010010001000111110000
000001111111111111111111111111111111111111011111111110110001000101010111010110110010011001100110101010100100111111010011100110010011011
01111111111111111111111111111111111111111111111111111111111111111111111111111111111111111111100100100010101100011011001001
01111111111111111111111111111001110001110011011110011100101
01111111111111111111111111111101001111010010010111100001111100100011111111000101111111111000111100101
011111111111111111111111111111111111111111111111111111111111111111111111011101101100101001110100100110010111011110100101100101101110101011001100001011010011100100000100
0001111111111111111111111111111111111111111111111111111111111111111111111111111111111111111111111
001101001101111100000101000011100110111111001001101010101000
0000111111111111111111111111111111111111111111111111111111111111110100101011111110100
000111111111111111111111110001010000110110101011110100001001
0111111111111111111111111111111111101100110100100101111000001001111110101111110010110000111001
011111111111111111111111111111111111111111111111111111111111101100001111001010110111111101100010011111000011101100110001010000110011110111010011011001000011
011111111111111111111111111111111111111111111111111111111111111111111111111111111111111111111111101011100011101101000110010111110010000100110011011100111
0111111111111111111111111111111111111111111111111111111101111110011011001111111111000101010110010100000
0000001111111111111111111111111111111111111111100101011100110101011000110101011010000010100011
0111111111111111111111111111111111111111111111111011011
01111111100100000100000011000000111000001100010
001111111111111111111111111111111111111100
000110011110001111010101110000000111
011111111111111111111111111111111101001000001
0111111111110000110110000000101110011100110110101110011011010100101110001001010001101111011000110010111100011
0111111111111111111111111111111111111111111111111111111111111111111111111111111111111111111111111111000000011111011100001101111011
01111111111111111111111111111111110101111000010000001100011101110100011001001011001111100111101100110001101
01111111111111111111111111111111111111111111111111111111111111111111111111101101010000011011101100001101010101110110010010101011010110001001001101101111110100
00011111111111111111111111111111111111111111111111111111111111111111111111111111111101111001010011
01111111111111111011000110001101111000111011110001111011
011111111111111111111111111111111111111111001101111
0111111110101110111001111101111010000
00000111111111111111111111110100111000010110010011101
011111111111111111111111110011011100110100011111101001010001011100001110
001111111111111111111111111111111111111111111110001001101011100110110101100110010010101000001111010011100101000001011101011010110000100100011
0111111111111111111111111111111111111111111111111111111111111111111111111111111111111111111111111101000111100011
0111111111111111111110101001100111100110010000
00000111111111111111111111111100100110110010110101110100001110001000101111100001011
01111111111111111111111111111111111111111111111111111110001000001110111000111100101010111110001011101100001101100111110010111010000000
0000000011111111111111111111111111111111111111111111111111111111111111111111111111001000100101110100100010101100010111100110100001101
0111111111111111111111111111111111111111111111111111111010010000110010010101101000010000110000010000010001110100010001100
0001111111111111111111111111111111111111111111111111111111111111111101011101010101
011111111111111001110011
011111111100000111100111101110011100110001
01111111111111111111111111111111111110000011000111111011001010001100011110001101100100101111100100010001010001
01111111111111111111111111111111111111111111111111111111111111111111111111111101000001001011110111111000011101001110111010000011001110101
0111111111111111111111111111111111111111111111111111111111111000101100000001110010100001001100100111110101000101
01111111111111111111111111111111111111111111111111111111100111100010100100001100101001111100100011110
001111111111111111111111111111111111111111111111100010001100101000110001111
01111111111111111111111111110010110101001011101000000111110011111
0111111111111111111111111111111111111110111010000
0000011111110110010000000011
01111111111111111111011001101101010010010001110
0011111111111111111111111111101110110001110011001001001110001000110000010111111110110100101100100000010001
01111111111111111111111111111111111111111111111111111111111111111111111111111100100000011100011010100110000000100111100111100111101
011111111111111111111111111111111111111111111111111111001100100100010110011000101
01111111111111111111111111110
00011100101010101000010111011111000100101110100100000110001011000111
01111111111111111111111111111111111111111111111111111111111111111111001001010000011001011100000
0000001111111111111111111111100011000010111111010001100100101101001110001001110110110
00111111111111111111111111111111111111111111111111111111010110111011110101110010010110001100110101010101000011000000111100001001100101
01111111111111111111111111111111111111111111111111111111111111111111111111111110001010100101111100100100010
00111111111111111111111111111010101010101000100000101010111110000111001101010001010111
01111111111111111111111111111111111111111111111111111111100100100110100110110101
01111111111111111111111011010010010111001110110011010011111000111110010001111001000111101010010011111110100
000111111111111111111111111111111111111111111111111111111111111111111111111111111111100001101001011010011010110110101110011011011110000010011010
0011111111111111111111111111111111111111111111111111111111111001100101001000100111111100000111010101001100101111111110001000000110101101000111
0111111111111111111111111111111111111111111111111111111111111111111111111111111111001011100110101100110001
011111111111111111111111101010110100111101100100010001100011110011000010110101100100001101000001111010100100111000010101110
001111111111111111111111111111111111111111111111111111111111111111111111111111111111111111111111111110100010111100000000011000001000010100011000101000000011101011100
000111111111111111111111111111111111111111111111111111111111111111110010100011010101100000000000000000111111100011000011111101010111000101011101100010
0011111111111111111111111111111111111111111111111111111111111111111111111111111111110110001101
01111111110100111001001101010000101110010001001110110110100000110001001011000100111111
01111111111111111111111111111111111111111111111111111111111111111111111111110100000011001101011110010000011111001000110101011
0111111111111111111111111111111111111111111111111000011100001001100100111011101101110111
0111111111111111111111111111111111111110111001111010111110110010000111010010110000010110001010100110
00111111111111111111111111111111111111111111111111111111111110010110000001100001100101110010101010010001
0111111111111111111111111111111111111111111101001111001111110110011001011110010101010100000111100011001001000000100100000001101100111
011111111111111111111111111111111111111111111111111111111111111111111111111111111111111111110101110010010010000010101010010111101101
0111111111111111111111111111111111111111111110000001111000101110000111101000000101000011110
00111111111111111111111111111111111111111111111110110000001000100000010010111100000011000101000110010110101101011
0111111111111111111111111111111111111111111111111111111111111111001110101010101101011010000100010110001110100100011111010111101011
011111111111111111111111111111111111111111111111111111111111111111001001000100000100001010
001111111111111111111111011001111100010101111011010100011011011001110001010110010000
000001111111111111111111111111111111111111111111111111111111011100000101011010110111010010110001111101000011111100110011101111101010101111101100100010001000000
00000001111111111111111111111111111111111111111111111111111111111111111111111111111111111111111111111110011
0111111100110101110110101010101010100000101001101101110000100101000101010001000000111
0111111111111111111111111111111111111111111111111111111111111111111111111111100111011101101000011011010011110100101100000001100111101111100010000111110000000010110011110100010
001111111111111111111111111111111111111111111111111111111111111111111111111111111111111111111111110000100010000010011001101001100111011111001011111110010110110000101000101111100
0001111111111111111111111111111111111111111111111111111111111111111111111111111010101111101011110100
0001111111111111111111000010111011111111011111101110101001111101000100010011001111001110111110101
01111111111111111111111111111111111111111111111111111111111111111111111111111100001101000101101011011010111101000100011010001100010101010010110
00111111111111111111111111111111111111111111111111111111111111111110111110010011110010000001000010010000110001110110011
01111111111111111111111111111111111111111111111111110011110100011100001101100001000001
01111111111111111111111111111111111000110101011011100110100001011101011010101001001101000100011111011001001000011110000011100111111
01111111111111111111111111111111111111111111111111111111111111111111111111111111111111111111111110111100001010000110110100100110000011110011001101001011010001100110110100
0001111111111111111111111111111111111111111111111111111111111111111111111111001001001011110001011101100010101010010100011110001010110001000000101000111101011
011111111111111111111111111111111111111111111111111111111111111111111111111111111111111011001000011010111101110110111100011
011111111111111111111111111111111111111011100101001
0111111111111000111110101111000001100111111110011001001101101001101111011100000111001100101101011011
01111111111111111111111111111111111111111111111111111111111111111111111111111111111111111011011000000001011001111101000000011011100110100100011010111010100001010111110110
00111111111111111111111111111111111111111111111111111111111111111111111111111111111100001011010100010001110001101110011111011101100001111001000111000101010000
00000111111111111111111111111111111111111111111111111111111111111111111111111011011110110011000101010001000
00001111111111111111111111111111000101001111011011011111000011010010110000001000100110101
0111111111111111111111111111111111111111111111111111111111001011111110011001110000111111010100000010001001100101110110101101100011
0111111111111111111111111111111111111111111111111111111111111111111111110001010000101001010100110110100
000111111111111111111111111111110000001101111110011000000110101000000001011010
001111111111111111111111111111111111111111111111000000000001011010101
0111111111111111111111110100
0001111101001100110101101101101010111101101010011011000000001110110010110
00111111111111111111111111111111111111111111111111111111111111111110001000000011111001001000101110100111110000100101101000101000111111100
00011111111111111111111111111111111111111111111111111111111111111111111000010001000011011011001101000101
0111111111111111111111111111111111111100100100000110111110
00111111111111111111111111010100000000101101111110001001111111
011111111111111111111111111111111111111111010100001010100110110000011010101010100100010000101010001000011110110110001
0111111111111111111111111111111111111111111111111111111111111111111111111111111000101100101101000
000011111111111111111100001011101111110011110010000100100000101101001000011000101000101
01111111111111111111111111111111111111111111111111111111111111111111101011101110110
0011111111111101000
00001100100110111000100
0001111111111111111011011011101101001011101000110110100100000110101011111
01111111111111111111111111111111111111111111111111111110001101100100000101100111110101111111110001010001111111100111
011111111111111111111111111111111111111111111111111111111111100110110001000010111110110011000101000001000110000110001110011010110111
011111111111111111111111111111111111111111111111111111111111111111111110100010010100000100000011000100011101111100111000010100001101001011010010111111100
00011111111111111111111111111111111111111111111111111111111111111111111111111111111010001000111101101
0111111111111111111010000101010110011010111000011100101111100000110000010001000
000011111111111111111111111111111111111111111111111111111111000010110100111100100010100111100011000
00001111111111111111111111111111111111101100010010001100101001010100111010010011010101010111101111000110001001010101110011110111011101111
011111111111111111111111111111111111111111111111111111111111111111111111111111111111111111111111111011010010000101111111001010011110110000101000101100011110000000001011001011000110110001111111101
011111111111111111111111111111111111111111111111111111111111111111111111111111111111111111111111110111010010010101111001011100111001111
0111111111111111111111111111111111111111011010001001100110
0011111111111111111110001000111001011010111001010111000100100001101000110110011000000111000001110010110101000010001011
0111111111111111111111111111111111111111111111111111111111111111111111111111111111111111111111111110110100111101000000111111011100001001001000111111101
011111111111111111111111111111111111111111111111111110101001
0111111000010011011100100000
00000011111111111111101101010
00111111001010100101100000001010100101101
0111111111111111111111111111111110110110100101011101100110111010110101100011001011011110000011000111001101010100
000111111111111111111111111111111111111111111111111111111111111111111111111111101101010100110111000100100100101111011010101111101100111001011111000101010001110101111
01111111111111111111111111111111111111111111111111111111111111111111111111111111111111011000101011101000011011101110100000010010000101111010011011111
011111111111111111111111111111111111111111111111111111111111111111100101101101100110000100110011010100001000101010101
01111111111111111111111111111111111111111111111111111100001000101110110000110110001001001011100000100110011010100100000100011100100101010010
0011111111111111111111111111111111111111111111111111111111111111111111111111111111111101101101011011100101010000011110001100011010100100110
001111111111111111111111111111111111111111111111111110000001101111100001101111100100011100100000101011100101110001001010
0011111111111111111111111111111111111111111111111111111111111111111100000011010011111000110011001010101
0111111111111111111111111111111111110100010000111000011110111001001001101111010011100111000010100011000100110100100101011101100
000111111111111111111111111111111111111111111111111111111111111111111111111111111111111111101111110010011011101111011111110000000011001000110
0011111111111111111111111111111111111111111111111101010110100010100000000100111110100100100000000110100001010011010100011001111101111010010110100
0001111111111111111111111111111111111111111111111111111111111111111111111111111111111111111111110001011001011010011010110110111011000110100011101011000011010111000010010010
00111111111111111111111111111111111111111111111111111111111111111111111111111011000110011011010101001110101100110111111011000100
0001111111111111111111111111111111111111111111111110000110110100111011
011111111111111111101010100011001111010100110101000101101001011101111
01111111111111111111111111111111111111111111111111011101010000010100111111101011000000000111110010000111001010101001
0111111111111111111111111111111111111111111111111111111111111111111110000
0000011001001010001001101110001101100000000111101010001110100111101100100111101110011101110
001111111111111111111111111111111111111111111111111111111111111111111111111111111111011111100000110000000
0000000011111111111110011100000110010010110011001000101000000000001011001111
011111111111111111111111111111111111111111111111111111100100000111000110100001010100000111001001100001000
0000111111111111111111111111111111111111111111111101001001111001111100111000111100100100001101001000100100100101
01111111111111111111111111111111111111111111111111111111111111100111
0111111111000110111010100000010000101
011111111111111111111111111111100101010011101101100011000100000101110111
0111111111111111111111111111111111111111111110010000000
000000001111111011001110101100100101110111111000111000010001100011011101001001010001000000100110101011110
00111111111111111111111111111111111111111111111111111111111111111111111111111111111111111110100000000101000101111001101100001010111001
011111111111111111111111111111111111111111110100001001101011001110001001010010110010011011010
001111111111111111111111111111111111111111111111110110010110010011000001001110010001010011100101000101010101101011110000100010000010100111110100110
00111111111111111111111111111111111111111111111111111111111111111111111111111111111111111111111110011111110111110001110101
011111111111111111111111111011100100000100000
000000111111111111111
000011101101010001101011100011101110100100100100011101011011100101111101101100111100
0001111111111111111111111111111111111111111111111111111111111111111111111111111111111100001110101101101110100110011011101000100000001100001000101001000100111
011111111111111111111111111111111111111111111111111111111111111111111111110000101
011111100111001100011011111001011110101011110
0011111111111111111111111111111111111101101111001101001100101011101001001000101111111100110110101000010110010101111010000010000011100
00011111111111111111111111111111111111111111111111111111111111111111111111111111111111111111111001001000001010100101111001110000000111100101011001111110010000101
011111111111111111111111111111111111111111111111111111111111111111011101111111101110001011110111110010110010001011011000100100101101
011111111111111111111111111111111111111111111111111111111111111111