429
110010101001101001000011000111001001111000110110101
011111111111111111111111111111111111111111111111111100010000110011011
01111111111111111100000000000001000100000100011
0111111111111111111111111111100000111001
0111111111111001010011000101010111010010001000100000010111010111101100010
001111111111111111111111111111111111111111111111111111111111110010110100010
0011111111111111110010010000111011110100101111001111011010010100111111100011010110101101001110001010001
011111111111111111111111111111111111111111111111111111111111111111111111111111111111111111101010011
01111111111010010010111111010110001111100101111100011101101100100001001
011111111111111111111111111111111111111111111111111111111111110001011101101001101111011011111011111010101101
011111111111111111111111111111111111111111111100011101101011000000110001100101010001101101011011110100110
00111111111111111111111111111111111111111111111111111111111110101000011001001000011001100011
01111111111111111111111111111111100111101101011101100011001001000101001011011010110000000111000000111100000101111110110
001111111111111111111111111111111111111111111111111111111111111111111111111111111111110110100110011110100010001001011111010111110101110101010110101110110101110110011
01111111111111111111111111111111111111111111111111111111111111111111111111111110001011110000101110100001100000000001011111110001111101101000001
011111111111111111111111111111111111111111111111111111111111111101110011101000101101001100110110010010111000
0000111111111111111111111111111111111111111100000010010100000101100011110100010111100
000111111111111111111111111111111111111110110001111010000111110001
0111111111111111111111111100100000111000110110110000010011101101100001100001011000001111110100101000101010010
0011111111111111111111111111111111111111111111111111111111111111111111111111111111111000000001001000110101011010011100001001100011100011000
000011111111111111111111111111111111111111111111111111101110001100001001110000111010100100110010010111110010000010110000101101001010101
011111111111111111111111111111111111111111111111111111111111111111111111111111110111001100101100001100011110101000001101010101010001101100011011010000011
01111111111111111111111111111111111111111111111111111111111111111111111110001000101101101111100
000111111111111111111100110100010111001111101011111100001000001011
01111111111111111111111111111111111111111111010001000111110010000011110001011110111010
00111111111111111111111111111111111111111111001110001010001000000
000000011111111111111110010
00111001100000000001000111100111000010111001011101010111
0111111111111111111111111111111111111111111111111111010101100001001110010101110010101000000110000111010110100101100100101110010010010110110101111110010
0011111111111111111111111111111111111111111111111111111111111111111111111111111111111111111111111110111000111101010100010110100101010110101001101
01111111111111111111111111111111111111111111111000011101011111111110111011000111011001111100111111011101010111101110101101010100
0001111111111111111111111111111111111111111111111111111111111111111111111111111111101110101110001001011110111001101011101000001100010010110101100010110011110011000
00001111111111111111111111111111111111111111111111111111111111111111111111111111101010011011
011111111111001101001110011000001001111111111000101
0111111111111111111111111111111111111111000111110001011100001011100111001100
000111111111111111111111111111111111011000000100101110011100001011100101011110010110
0011111111111111111111111111111111111111111111110100101101
01111111111001100001001010011101100100
00011111111111111111111111110110010110011110100101001000111010001111110001011001110101111100100100010111100000
000000111111111111111111111111111111111111111111111111111111111111111111111111111100110100000111011010111001000011111011001110111
011111111111111111111111111111111111111111111111111111100100000111110100011101100000110111010111000010011010000111001011010011001110
00111111111111111111111111111111111111111111111111111111111111111111111111111111111111010111100110
00111111111110010101110010001010011100111110011011111101111100101100000110
001111111111111111111111111111111111111111111111111111111111111011011000110010101011011001000010011111011110101000100
000111111111111111111111111111111111111111111111111111110110111010100001110111111000110110100100010
00111111111111111111111111111111111111111110001000000
00000001111001110000100001001001111000110010100110111011001011010111011000010011000
0000111111111111111111111111111111111111111111111111111111111111111111111001101000010
00111111111101011001011001101111111101011100101011001000110101111100000100101110110100111000100111010000100
000111111111111111111111111111111111111111111111111111111111111111111111111111111111111111111110111010010010101010000101000101101111001110111101101011
011111111111111111111111111111111111111111111111111111110101100011001011011101110010000000011110010001111011110100110001001011000000000100
0001111111111111111111111111111111111111111111111111111111111111111111111111111111101011011100111110000011010100101010010110000001111001101011101111
01111111111111111111111111111111111111111111111111111111111111111100100001011111011010111101100100001001011100010100010011
0111111111111111111111111111111111111111111111111111111111000001110001111000110010111000110101110011110
001111111111111111111111111111111111111111111110001001101010100101
01111111111111111111101000111101010
0011111111111110000110001101101011101010101110010010001011111100001110011101100001001111000100010110011001010
00111111111111111111111111111111111111111111111111111111111111111111111111111111111111111111111011111100100000001100000000
000000000111111111111111111100010100010010
0011111111111110010100000110011010100100010010111000101101011101001001000111
011111111111111111111111111111111111111111111111111111111111111011101100011000001001001001
01111111111111111111111111110011000111110
001111111111111100000100001010110000111011001100011101011111000001000001011110010011
0111111111111111111111111111111111111111111111111111111111111111111111110101110011000011010011010110100100100000111001110111000001100100001110111000
0000111111111111111111111111111111111111111111111111111111111111111111111111111100101010
00111111111011111000010111101011101000000001101100110100001110001010010101101000110110100010
00111111111111111111111111111111111111111111111111111111111111111111111111111111111111000010001011110010101100010010000000111001110000101101110110010100010101111
0111111111111111111111111111111111111111111111111111111111111111111111111111111111011001011001101000111001011001000100001000101010100101100010100110001010111
0111111111111111111111111111111111111111111111111111111111111111111111111111110011111010100111001000101
0111111111111111111111111100011100
000111111011110100110110
00111111111111110010011111001010011
011111111111111111110000000011100001110110000101111111111101010001100111
0111111111111111111111111111111111111111111111111111101111110010100101000011111101111011000111111111010011110001110100111000110110001110
00111111111111111111111111111111111111111111111111111111111111111111111111111111111011000011101111101001101001
0111111111111111111111111110010001000101000011000101010100000101000101001001100001111000100011110001
011111111111111111111111111111111111111111111111111111111111111111111111101110100010001111001000111010000110111000100100101101001001111100001011001110011110000010101110001
01111111111111111111111111111111111111111111111111111111111111111111111111111111111111111111111111101010110011000101011001010111001110011001101111000000111010111
0111111111111111111111111111111111111111111111111111111111111111000111000100101010000001101010010
00111111111111111111111111111111110100011110110101101001010011001001011000100111111000100110100000100100101
0111111111111111111111111111111111111111111111111111111111111111111111111101110001001100010101011101100000001110001001010000001101101
0111111111111111111111111111111111111111111111111111111111111100110001
0111111111011100111001010110101001101110011101100
00011111111111111111111111111111111111111101100010111011010011010000111011010100100011111100100101010001001
0111111111111111111111111111111111111111111111111111111111111111111110110001101000011000111101011111001110000000010010111001000111101011111010100100011001101
011111111111111111111111111111111111111111111111111111111111111111111111111111111111111110101001101100010000001110100001101011111010010010000000001010000
000001111111111111111111111111111111111111111111111111111111111111110011100100111101101100001111111111001001101111101110000001100010011001011110001111
01111111111111111111111111111111111111111111111111111111111111111111111111111111111111000010110100101110100010010001100101100000100111101000110001111110001011000100110
0011111111111111111111111111111111111111111111111111111111111111111111111111111111111001000000111011011100100001001101101000011001011
0111111111111111111111111111111111111111111111111111001100110000011011111011000010101111011100101010000011100000101101
0111111111111111111111111111111111111111111111111111111111111111110100010100110101111011001111111001011001011011000001111110011100101
01111111111111111111111111111111111111111111111111111111111111111111011110010100111101100111110001010101111110101101101010010101010011100010111110100100001110100
00011111111111111111111111111111111111111111111111111111111111111111111111111111111111111111111001000010101111010110001001111101111111000100010010100001100010011
011111111111111111111111111111111111111111111111111111111111111111111111100010
0011111111101001000001110010011000000001001011010010100000110010101101000101101010000110010010010
00111111111111111111111111111111111111111111111111111111111111111111111111111111111111111000111100100001001001011101011111100110111000000011011000101101010
00111111111111111111111111111111111111111111111111111111111111111111111011010011110000001000001010110100011100001100111010011110100011001010000
0000011111111111111111111111111111111111111111111111111111111111111111111100010100011010101101011111111101101010
00111111111111111111111111111111111111011001011111101100110111000111011000111010010001000111000100010010
00111111111111111111111111111111111111111111111111111111111111111110101
011111000111010001101111000110001011000000001111111110100000101100000101000111101001011010101111
011111111111111111111111111111111111111111111111111111111111111111111111111111111111111111101111010100000111100001111010110000100100111001100100000010011000000001110111001100
0001111111111111111111111111111111111111111111111111111111111111111111111111111111111000111000110000010100001011111010
001111111111111111111111111111111111010110100101011111001101010010100000001011110001001111100010110110
00111111111111111111111111111111111111111111111111111111111111111111011111110101100100001111100001010010000011
0111111111111111111111111111111111111111111000011000000010000101011110000110110100000100110011101011001000001
01111111111111111111111111111111111111111111111111111111111111111111001001101000001001000100000010111111101100001010000001010110110010000010
00111111111111111111111111111111111111111111111111111111111111111111111111110000011101010100110010010110001111110001110110011
011111111111111111111111111111111111111111111111111010010111111110000001000101101000000101000000101110000
0000011111111111111111111111111111111111111111111111110011001001010100111011000011001010
001111111111111111111111111111111111110010110
00111111111100111001111010011001110110011001000110001010000100110111110011011101100111011110111010000111111
0111111111111111111111111111111111111111111111111111111111111111111111111111111111111111111111110110000011010010110101000000101111101110010100011
01111111111111111111111111111111111111111111111111101011010100001000
0000111111111111111001111101100010101111100101101110001000110100110110101001110100100110011101
011111111111111111111111111111111111111111111111111111111111111111111111111110000100010100100010001
011111111111111111111111111111110001010101011111001010100011010000111000000010001010110
001111111111111111111111111111111111111111111111111111111111111110110110001111010101100111100010111110010111010000101000101000010110011011100110001110100
00011111111111111111111111111111111111111111111111111111111111111111111111111111111111111110001010011111010011011111010111100111011
0111111111111111111111111111111111111111100011011000010110011101000010010111101000100011110101100101000110101001100000001111100100000100001
01111111111111111111111111111111111111111111111111111111111111111111111111111111111111111111111111111011001
01111111111
010100111011110111111100
0001111111111111111111001001011111010100100111100011001001100101001001000010000
00000111111111111111111111111111111111111111111111111111100011000000001000100100110001111000010100101100010011010000000011110001000010100001111010
00111111111111111111111111111111111111111111111111111111111111111111111111111111111111111011111101010011011001101000010000011000110101101100001000011101001100110111111
01111111111111111111111111111111111111111111111111111111111111111111111111111111101001111011110110101110100011001000100010010
001111111111111111111111111111111111111111111111111011000100110011111000000011001001001011001101111010
0011111111111111111111111111111111111111111111111111111000101010001110000011101100010000000111001001100011010101001100011101010000
00000111111111111111111111111111111111111111111111111111111111111111111111111100011001101100001000010001000001010001101100110010000111001010100011101011010010000
00000111111111111111111111111111111111111111111111111111111111111111111111111111111111010101010101011110011011001000001011111000000111001001000111010100001011000001110001001000111
0111111111111111111111111111111111111111111111111111111111111111111111111111111111111111111111111100010100010011001110101110001001111011000000111011011010111111000111
01111111111111111111111111111111111111111111111111111111111111111111111111101001101110101011010111110110010110011
01111111111111111111111111111111111111110010010000110010110100110101101
01111111111111111111111111111110010011
0111111000011001110001110100101000010101100110100111001101010100011011110101011100101011000010001
01111111111111111111111111111111111111111111111111111111111111111111111111111111111111111110000101101110001001111101100001111100100110001100010001110100000101100
000111111111111111111111111111111111111111111111111111111111111111111111100111100001010110111
0111111111111111111111110111110
0011111110101
0111110100001011111000111110111001111110010010010011101011001101
01111111111111111111111111111111111111111111111111111111111110110010
001111111000010101010001010010010110100111100110010011
0111111111111111111111111111111111111111111111001010001111001
011111111111111101110011000110011001111101001110000
00000111111111111111111111111111111100110110100100001000110101
0111111111111111111111111110011100000101011110110110110001100001101100110000001111001111000011111110101
0111111111111111111111111111111111111111111111111111111111111111111111111111110111111110011110011000011101010001110000001100101110000000101
01111111111111111111111111111111111111111111111111111111111111101001011000001100001000100110110100100111100100100110110001011111100110101
01111111111111111111111111111111111111111111111111111111111111111111111111101001001110111001011001111100000001100010100110
001111111111111111111111111111111111111111111110101001011111011100101101011000001
0111111111111111111111111111111111000110011000010010000111001100000101101011111111111000011101111000101111010100110001111
011111111111111111111111111111111111111111111111111111111111111111111111111111111111111110000001000110110011111011000011111110010110110100000
0000001111111111111111111111111111111111111111111111110000100011110110001100011110010011010100001010110000010010110100000010000000101010001
01111111111111111111111111111111111111111111111111111111111111111111111111111111111111010101101010110000000101001001100110001000011
01111111111111111111111111111111111111111111111110000000011110111101001111110
0011111111111111111111111111111111000011100101100110000
000001111111111111111111011000010001101011000110011111101011100101110110001
0111111111111111111111111111111111111111111111111110000100000001110001101111001100011000100010010101000011000100101011110101
01111111111111111111111111111111111111111111111111111111111111111111111111001100
00011110111010111011101010101100001
0111111111111111111111111111000101010100000110110101010110101
011111111111111111111111111111111001111001101010011101100010001000000111101101010110
0011111111111111111111111111111111111111111111111110010010010001010100100000100111010000001011011101111000111010011
0111111111111111111111111111111111111111111111111111111111111111001010110110100001
01111111111111111110101110111100010100110110000100100000101001111100001
01111111111111111111111111111111111111111111111111111111001101011111001011010100011110001010001010011011001111000111001011100001111110010011100
0001111111111111111111111111111111111111111111111111111111111111111111111111111111111111110011101001010101010101101
01111111111111111111111111000011110000111010110000010111001000011110010011100100101010
00111111111111111111111111111111111111111111111111111111111110
00111
0111011111101010000011001001011010100001000000101011011101011111001110110
0011111111111111111111111111111111111111111111111111111111111111111110000011101
01111111110100011111010000110101110100100110001100111101001011111110000001000010011101
0111111111111111111111111111111111111111111111111111111111111111111111111111011010101111010110
001111111111111111011010010000010111101101100010111000101100100111000101001011011000011010011101010010
00111111111111111111111111111111111111111111111111111111111111111111111111111111111101101000111011111110101
0111111111111111111111101001111010101111111111101100010011011110011001010101
0111111111111111111111111111111111111111111111111111100
000111011101010111000010000000
000000001111111111111111111110100010110000
0000011111111101001101110111111110101100111010110001
011111111111111111111111111111111111110001010101001001010010110111010011110
00111111111111111111111111111111111110111100111000111100101100011100101010
00111111111111111111111111111111111110101001111000001100010101110011110010001100001010000011001010011011101011
0111111111111111111111111111111111111111111111111111111111111111111111111110010100110111111100110001000
00001111111111111111111111111110011110101101000011110101
01111111111111111111111111111110010101100011011110011110000101010000011000011110110111011110
00111111111111111111111111111111111111111111111111111111111111111110000101
011111110011001000001010101110100001101100
0001111111111111111111111111111111010111110001110000010110111001111111011000000110000101010010
001111111111111111111111111111111111111111111111111111111111110111100100000100111100010010001
0111111111111111111111111111111110010011111111
0111111111111010101101100011111111110
001111111111111111111111110011100100111100000101001111
0111111111111111111111111111111011110101100101110100001000110001011110111111
011111111111111111111111111111111111111111111110111000101011100111011111110111110011111011110011010001110001
011111111111111111111111111111111111111111111111111111111111110111
01110100111101110001110110011111110001101110010001000100100100001001000011111
01111111111111111111111111111111111111111111111111111111111111111111111111010011001111100000001000001101
0111111111111111111111111111111010010011101000111000100111110101111000101101101110001
01111111111111111111111111111111111111111111111111111100000111100101101100101001001001011101000010100011110100100101111000010001000101011011101011100
00011111111111111111111111111111111111111111111111111111111111111111111111111111111111111111111011100101001111000111101111110110011
0111111111111111111111111111111111111010111000001101101111101010011110000101101010101010100100011101100111111100101011
011111111111111111111111111111111111111111111111111111111111111111111111111111111111
0111010011101011001001101000010111001010001101001110000010010001000101110011011110010011100
0001111111111111111111111111111111111111111111111111111111111111111111111111111111111111100000111000110111110010110011101101000101101101001000
0000111111111111111111111111111111111111111111111111100000111110011100001011001111110110
0011111111111111111111111111111111110111101000010000010101101010110001001111111010010111
011111111111111111111111111111111111111111111111111110100010110001111100
000111111111111111110100101100011001111000100111111110100
000111111111111111111111111111111111110000010010
0011111111000101000110010111111101011011101100010101011001001000011111101011
0111111111111111111111111111111111111111111111111111111111111111110000101111110010010
00111111111111111110010001111110110110101000110000011011111001000001010101101100010101001001110001010000000010
0011111111111111111111111111111111111111111111111111111111111111111111111111111111111111111111001011110010000001001010100001000101
0111111111111111111111111111111111111110001011111000010000011
011111111111111111111100111011011110001000
0000111111111111111110010111110100010000011100000001101100000111111010011010110001111001010101001
011111111111111111111111111111111111111111111111111111111111111111111111111111100110101001011000010000000100001000001100110111101011
011111111111111111111111111111111111111111111111111111111110111101100000010001011011001111100110101011
011111111111111111111111111111111111111111111110000110011001110101111010000111100110111010110111100000011010011011011110001
0111111111111111111111111111111111111111111111111111111111111111111111111111100010101110110111001000111111010010110110010100000111101010110011100011110101000111001101
0111111111111111111111111111111111111111111111111111111111111111111111111111111111111111111010011001011001111100011001010110011110111011101101010111011001110100
00011111111111111111111111111111111111111111111111111111111111111111110100011
011111110101101010111111101000100010101010110011111011010001111
011111111111111111111111111111111111111111111111111111110000101010011001000011100101100101110010000111000011001
011111111111111111111111111111111111111111111111111111111000100010101110101110010100001110
0011111111111111111111111111111111111111100101011111001011110010010001111101011100000011100011000011011000010110010101
011111111111111111111111111111111111111111111111111111111111111111111111111111111111011100101110101110100111111
0111111111111111111111111111010011000101010101001011111110010100000110110111100001000010000100101000011110
0011111111111111111111111111111111111111111111111111111111111111111111111111111000101010100001110110111000010101101
01111111111111111111111111111111111111101111110101011110111011101011110001010010000001010110010000001100101001101111010110100000110
00111111111111111111111111111111111111111111111111111111111111111111111111111111111111111111111011001110011110101110110001101111011001101100011011111101100100111101
01111111111111111111111111111111111111111111111111111111111111111111111110011011001100001001111101011011000110111110011000010111011110101101101011000
000011111111111111111111111111111111111111111111111111111111111111111111111111100011011001010000110100011010011100100111100011100000001010
0011111111111111111111111111111111111111111111111111111111101100010111101011000010010100100110011101010111000
00001111111111111111111111111111111111111111111111100000000101011100011001000100000000010000100000000101001010101110110111000010111100001011
01111111111111111111111111111111111111111111111111111111111111111111111111111111111111111111111110010101111101101111110010111101000111111001000
00001111111111111111111111111111111111111111111111111110110001010
00111111111110001110010100110010
0011111111111111111100000101000110111101011100010010011010101000001000100
00011111111111111111111111111111111111111111111111111000001110011101100011110010000100110001110000010000111010001110101010010000101
011111111111111111111111111111111111111111111111111111111111111111111111111111101101001110
00111111111110010000100101101110100101000100101000000
000000011111111111111111111111111111111111010101011010111000111101101000000001101010100101110010101011111001100
0001111111111111111111111111111111111111111111111111111111111111111111111000101111010011000010010110100010111110110111111000111000000000000110100100
000111111111111111111111111111111111111111111111111111111111111111111111111111011001110111010000000010101000100011101100100011111111
01111111111111111111111111111111111111111111111111111100001001001000101101010100011100000111100000000111001101011111001001001101011111
011111111111111111111111111111111111111111111111111111111111111111111111111111111010001011110011011011011110101101001101111111001000001000110
0011111111111111111111111111111111111111111111111111111111111011001100101101001110011111101110010000011101111
011111111111111111111111111111111111111111111111110000100001111101100111111001001011110111011
0111111111111111111111111111111111111111111111101101111010001000
0000111111111111111011010010000010010010001111101111000010101101010010001111000010001100111011111111100110010011110
001111111111111111111111111111111111111111111111111111111111111111111111111111111111111111111111001101010000001111000010011100001100001110001101001110111000111001000100010111000110
0011111111111111111111111111111111111111111111111111111111111111111111111111111111111010110001001001010110111001110001101001001110001100100
00011111111111111111111111111111111111111111111111111111100011000101000011111101011001101000100001010101010010000001000011100100000011111110
0011111111111111111111111111111111111111111111111111111111111111111111111111111111111001110101001010110000100001101111010001000101000101011001110000110010111100011000001
0111111111111111111111111111111111111111111111111111111111111111111111111111111111110110011000010011111000010000001101011001000000001110011101011110010001010000100000001101110
0011111111111111111111111111111111111111111111111111111111111111111111111111111111111111111001101011111011111011
011111111111111111111000110100101010001111000101100100111011011110000101000100
0001111111111111111111111111111111111111111111111111111111100101000001011000001010111100011010110101010010100010111000
00001111111111111111111111111111111111111111111111111111111110101001010101011000100010010000110000110001100010110101101100001
011111111111111111111111111111111111111111111111111111111111111100100001001011010101010110110010001101000100010100110011001001001111
011111111111111111111111111111111111111111111111111111111111111111110100001001011110010100001000101011100
000111111111111111111111111111111111100111100001100110110100000010100011110110101100000101010101000111110101010001
011111111111111111111111111111111111111111111111111111111111111111111111111111110100111101100010111110010000110111101000111111000110010000110011010011
01111111111111111111111111111111111111111111111111111111111111111111111111010110111111101010011111101100011010011100101101
01111111111111111111111111111111111111111111111111101110011011111111101100110100011100101100000110010010001100010100011110100011101000000
000000011111111111111111111111111111111111111111111111111111111111111111111111111111111101101110110100100010000111111011101000110100110110000111111110000010011110001011101000
00001111111111111111111111111111111111111111111111111111111111111111111111111111111111110101001101101000110101111001101011111111011000001111100100001
0111111111111111111111111111111111111111111111111111111111111111110110110001000001000000000110011010010110000
0000011111111111111111111111111111111111111111000011100010110111000010110011101001111000001010101000
00001111111111111111111111111111111111111111111111111100111000010101000011010110100001110111111011101101
01111111111111111111111111111111111111111111111111000110000100010101011011111101011011000011010001001010100001001000001
01111111111111111111111111111111111111111111111111111111111111111111111001110101001011100001110011100110011110001000011011000101111110010011101101010100000001001111
0111111111111111111111111111111111111111111111111111111111111111111111111111111111111111111111110101100011100001011100110101110011101101111011101111000100001010001010111111111110
0011111111111111111111111111111111111111111111111111111111111111111111111111111111110111101111000
00001111111111000010111000100010
00111111111111111101010110000101000000000
0000000000111111111111110100101100100101101101011000110
0011111111111111111111111111111111111111111010000101010110000001101101101101001100011001001001011011100100010100111101111110110
0011111111111111111111111111111111111111111111111111111111111111111111111111111111111111111111101100101
01111111110000010101011101001100010000111101011010010010
00111111111111111111111111111111111111111111111111110
00111100111111001001111100011001
011111111111111111111111111001111100010010010100
00011111111111111111110000000100101101100001011101100101000101000001001010111011111001010101111100
00011111111111111111111111111111111111111111111111111111111111111111111111111110110010000000100010111000011101111001010001001100001101010111011100011101011110001011111
011111111111111111111111111111111111111111111111111111111111111111111111111111111111111111010111000110110100001011110011100010000
000001111111111111111111111111111111111010110001110011101101111110011111001100100000000001011111101010001011010011001
011111111111111111111111111111111111111111111111111111111111111111111111111111001101011110000111111010001011110110110000000011000111101111110
0011111111111111111111111111111111111111111111111111111111111111001111010110101111111100010001
011111111111111111111111111111111110011111100010110100011101001100111101011
01111111111111111111111111111111111111111111010100011110
00111111111111010000111100000110001111011000000011001101110101000101100100110
0011111111111111111111111111111111111111111111111111111111111111110011110101110110111
01111111111111111111100100111011011111001101000011101001101001111100111001100010000011101101111100
00011111111111111111111111111111111111111111111111111111111111111111111111111100000100011110000001001010000011010011011011101111100000010010100100110100101100110
0011111111111111111111111111111111111111111111111111111111111111111111111111111111111111011100100101010000000000110111001000010111
0111111111111111111111111111111111111111111111111101101010111001100010000101010011101010101111010111111111010000100110010111010100111100
00011111111111111111111111111111111111111111111111111111111111111111111111111111111111111001011110001110101110100110000111101011110101101010001111001011100110111010
001111111111111111111111111111111111111111111111111111111111111111111111111011010100100010001010
00111111111111111111100101
01111110111001000101
011111111111111100001111010001010001001100011000001010100100
00011111111111111111111111111111111111111111100011101111110101110111011110100
0001111111111111111111111111111100110111101001111101010000010101111111000100000010111001101000001110100110
00111111111111111111111111111111111111111111111111111111111111111111111111011011100110100001001110100000011110101000001000011100010000010010
00111111111111111111111111111111111111111111111111111111111111111111001111100101101001011101010001111100011010101100000101
01111111111111111111111111111111111111111111111111111111101111101011110110100100110001010101011100100100010010101000010110111010111100110011101
01111111111111111111111111111111111111111111111111111111111111111111111111111111111111111001011001001111000000001000110100
00011111111111111111111111111111111100110101111011000010110001101111111111010111
0111111111111111111111111111111111111111111110001100001101100101101010001101101010011
011111111111111111111111111111111111111100110010111100011101110000001110010010101101000100010101110011110101010010101010001011100111
011111111111111111111111111111111111111111111111111111111111111111111111111111111111111111110011110100
0001111111001101100110101100111101011111010010101000011010111000110111100011110000100111010010110010111
011111111111111111111111111111111111111111111111111111111111111111111111111111111111111111111011011000111010110111100101010001110110000111
01111111111111111111111111111111111111111111100010101110110001101000111000111010011101011001110111111010
001111111111111111111111111111111111111111111111111111111110000101011101111000011110110001011101111111010
00111111111111111111111111111111111111111111111010011111100010111101001101010001000110111000
000011111111111111111111111111111111111111111110001011001011111001001010100001
01111111111111111111111111111111011110110001001000101010001111111011101110110111100110011101000001010100110111
011111111111111111111111111111111111111111111111111111111111111111111111111111111111
011111101001000000100010110001011001011010001110110011111111101100111001011100010001110101101
0111111111111111111111111111111111111111111111111111111111111111111111111111111111111110011
01111110111100111101011100001001101001
011111111111111111111111111111111101000011010001111000001001000101100110010001111110010100011101110101110001000110101
011111111111111111111111111111111111111111111111111111111111111111111111111111111111010011000110000010000111000110000001100001011000011110011
01111111111111111111111111111111111111111111111111111111110101100111101011011010100101100011010001000000111100011110001
0111111111111111111111111111111111111111111111111111111111111
100100011
0111111110
00011110101010010001000001010111101010000010001101100010001001101101111101010000001010100010001
0111111111111111111111111111111111111111111111111111111111111111111111111111111111111111111111110
001111111110
00111111111101010010011001100010010001101001100001011000101
01111111111111111111111111111111111111111111111111111011100100111000010111111000010000101101110011011011011
01111111111111111111111111111111111111111111111111111111110
00011000011000100001100111001010110101110010000100100111001111101101101
01111111111111111111111111111111111111111111111111111111111111111111100111101000101111100111
011111111111111111111111100000010001010100101010101
01111111111111111111111111110100000100000011000100010010000101011
0111111111111111111111111111111111111000101101100000111001000010001010001011011010001100000001110110000000100111
011111111111111111111111111111111111111111111111111111111111111111111111111011110101001000110011011010100000000110
00111111111111111111111111111111111111110011110111111110000010010010001110101010110000110011011001101111101011010101
0111111111111111111111111111111111111111111111111111111111111111111111111111110110111011011100001101110100111001001111001010011111001000111010000101010100010000001001111010000
0000011111111111111111111111111111111111111111111111111111111111111111111111111111111111111111111101011000
00001111110
00111100001100111010001111011000111110100010111010010010001110000101100111100101001110001010100
000111111111111111111111111111111111111111111111111111111111111111111111111111111111111111111011000011011110001100100001100
0001111111111111111111111111111101100110111001010101100100000011110110100111011000010111010000111110011
0111111111111111111111111111111111111111111111111111111111111111111111111110101001101111010110101111010011101010101011101
011111111111111111111111111111111111111111111111100001011011100000000101010
001111111111111111111111111001100001110000000100101000100111101
01111111111111111111111111111111111110100110110100100010111001111101011101111100000011011000110101001011001110001001000001110000110
001111111111111111111111111111111111111111111111111111111111111111111111111111111111111111111101100100011011100001100010001000001100000101001000011001100001110001110000011111100010
001111111111111111111111111111111111111111111111111111111111111111111111111111111111110100010101101010001000011001111110111000000011111000010
00111111111111111111111111111111111111111111111111111110010010100101101010101010001000011111100011100000
00000011111111111111111111111111111111111111111111000111010111011001111111100111011101011010110101110110001
01111111111111111111111111111111111111111111111111111111111011110101110010011010101011101100001100011111111000111001101110101110000111101101000001
01111111111111111111111111111111111111111111111111111111111111111111111111111111111111111101111000010111101010001110100010011111001011011101110011100110001100100
000111111111111111111111111111111111111111111111111111111111111111111111100011000000100100001001000101110000110111001111011011110
001111111111111111111111111111111111111111111111111111110110101100011010001100011
01111111111111111111111110100100110111110010011100100100100000000010011
011111111111111111111111111111111111111111111100001110011001011100010101001110011111100011000000100110100011100010100110010011101110010010111
0111111111111111111111111111111111111111111111111111111111111111111111111111111111111111111111100100
000111110111011010010110101100111011001011100001110000011111010101011100011010011010010111110
0011111111111111111111111111111111111111111111111111111111111111111111111111111111111111110110000111011001101000001111110010100101110000000
00000000111111111111111111111111111111111111111111110010100
0001111100111000110101111011001111010101001001011101111100110101101000
000011111111111111111111111111111111111111111111111111111111110001
01110011000101110110010010111011000010100000011100101011011011010001011101111001111100001
01111111111111111111111111111111111111111111111111111111111111111111111111111111111110101011011010011110101111011100110001001000000111011001111011101
01111111111111111111111111111111111111111111111111111111111111110111101101100101100101000011111111110000000100111011110111000011100
0001111111111111111111111111111111111111111111111111111111111111111111011101111110101010111000010
00111111111111111111111111111101111001001111000011101000011001001001101100001001101111100011101110
001111111111111111111111111111111111111111111111111111111111111111111110111010110101111001111100010000111011111101100010101110010110101100101001
01111111111111111111111111111111111111111111111111111111111111111111111111110000100111101010101100011011001110011001100010001111111110111
011111111111111111111111111111111111111111111111111111111111101100010110111010110010100100110
00111111111111111111111111111111101000100000000010011010010101011000111011
01111111111111111111111111111111111111111100011110011000100010010010101111000000101000011
0111111111111111111111111111111111111111111111101010001000000111001111100110000001010011111010
0011111111111111111111111111111111111111111111100111010100101111110100111010101001010
00111111111111111111111111111111111111000001001110010000100100010000000101100101100000011001010010001110010110110100101001101
0111111111111111111111111111111111111111111111111111111111111111111111111111111111111110111111110001100110000001110000001000001110000010010110000010110010110010000011100001
01111111111111111111111111111111111111111111111111111111111111111111111111111111111111010000111000101000110001100
000111111111111111111111111110010101111101100100010011010001110000111111011001000110000110110110001010011001111011100100000
00000011111111111111111111111111111111111111111111111111111111111111111111111111111111111111111011000111001100001011101011001101111110010000000000011110011110000100101101100100010110
0011111111111111111111111111111111111111111111111111111111111111111111111111111111111110110111011001010
001111111111111100001
0111100000000100100001111011111111010001001010101101011110
00111111111111111111111111111111111111111111111111111111100000010001
01111111111111101001010110010000101010111111101010000011100001001010001010010011111101011000000000001100100000
00000011111111111111111111111111111111111111111111111111111111111111111111111111111111111111111000100100011001100111101100100101010001110110010111101110
001111111111111111111111111111111111111111111111111111111111011100110101000001001100110110101101011001001101101101100101001101010111101001
01111111111111111111111111111111111111111111111111111111111111111111111111111111110001000110010110111000101100000
000000111111111111111111111111111000011000
0000111111110111101111
01111111111101001100001110010010101101010111011010101101101100100110110010100111011001100100101111001111101
0111111111111111111111111111111111111111111111111111111111111111111111111111111111111111111111100010100011101011001100000101011101110011101001010100001110110110110001110110000011111101010001010
0011111111111111111111111111111111111111111111111111111111111111111111111111111111111111111111111111101
01111001101110111001010111010110010001111010011111100110101101000000110111101101001110100001001001
011111111111111111111111111111111111111111111111111111111111111111111111111111111111111111111110101100001010001111111111110001111001011101110111111011111101000010001110010000100000000010111010
001111111111111111111111111111111111111111111111111111111111111111111111111111111111111111111111111010101
0111110011101101000101010101011111100011
011111111111111111111111111111111101010110000110001001110101010011011010111011010111111101100011100
00011111111111111111111111111111111111111111111111111111111111111101001010000001
01111111111111111000110011101110001010100100110111110110110111101010110010001110111001101011110101000111
0111111111111111111111111111111111111111111111111111111111111111111111111111111111111111100101001100000001011111101111100001011001
0111111111111111111111111111111111111111110011000001000000111001001100010011101101
011111111111111111111111111111111111111111011101000000100000111001010100010
001111111111111111111111111111111111111000100111011111110111100010010100010011110100011011100011110100010111110010111000001
01111111111111111111111111111111111111111111111111111111111111111111111111111111111111111111000001001110001110010000110000001101011110110011
0111111111111111111111111111111111111111111111111110101110110111111000101011001101100111110010000111011101101001000
0000111111111111111111111111111111111111111111111111111111111111010010001000011001010
0011111111111111111110101001111011001001101111011
01111111111111111111111111110000101
011111110101100011000001010100000111011000010001011010101111000010111010111001011110110010000
000001111111111111111111111111111111111111111111111111111111111111111111111111111111111000000111011101111100110111111110010110011101011000
0000111111111111111111111111111111111111111111111111011000100011101011110010
00111111111111111111111100
0000000
000001001001010010111111010101
011111111111111111111111110111111011101000000000000110011111011001110001111110111011010110101011001101000111001000
000011111111111111111111111111111111111111111111111111111111111111111111111111111111111110001111010010101000111111000010010111001101001000
0000111111111111111111111111111111111111111111111111011111001001010011111001111110101101000011110110101001101110001101111000000011100100
000111111111111111111111111111111111111111111111111111111111111111111111111111111111111011001010111000101111101111101000
000011111111111111111111111111111000110010111000110010100011101101001000110011101011111000000010
001111111111111111111111111111111111111111111111111111111111111