284
0100111011110101111110011110111100001000010100101110101011000110110011101100111000000
00000001111111111111111111111111111111111111111111111111111111111111111111111111111111110110001101100100100001010011000101011000101001111110010110011001010100100000011010
001111111111111111111111111111111111111111111111111111111111111111111111111111111111100111001
01111111001100011100000001101010110
00111111111111111111111111100111011010000010000011011011101
0111111111111111111111111111111110000010100101001001010110010001010010110011011001111111010110001010001101011011001
01111111111111111111111111111111111111111111111111111111111111111111111111111111111101010110101011100110001101010011100111110000011101101011111010110001110010101101001000111111
01111111111111111111111111111111111111111111111111111111111111111111111111111111111111111111101001000001000000000110000000111100000100101000001110010111010011001
011111111111111111111111111111111111111111111111111111111111111111111000111001110010001001001110101010001100100110
00111111111111111111111111111111111111111111110101110101010001101010101010010010010111001010110110111000111100001100111011101
011111111111111111111111111111111111111111111111111111111111111111111111111111101000000101100001000101110101110000
0000011111111111111111111111111111110100010110111110001011101111001010001000000110000011010101110110010010011100001
011111111111111111111111111111111111111111111111111111111111111111111111111111111100111101100
000111111111101011000011000001011110111001110101
011111111111111111111111111111111111011001001001110101001001001011000000011111010011110111111011000101110
001111111111111111111111111111111111111111111111111111111111111111111100
001001000101010001101110010010001111101010110111110011101010000110111010000001
011111111111111111111111111111111111111111111111111111111111111111111111111111101010000100110111111001111
011111111111111111111111111110100110001110010100000101110010111011
0111111111111111111111111111111111111011001001110111000000011110110011011110111011111101100000111000001111100001101000
000011111111111111111111111111111111111111111111111111111111111111111111111111111000000100010001111100101111010101011111100001
01111111111111111111111111111111111111111111101110100100110110011011110010110000100111111111100000101101000100010000100000
00000011111111111111111111111111111111111111111111111111111111111111111111111111110011100011010001000000010000101011100000011100111110011000
000011111111111111111111111111111111111111111111111111111111111100010
00111110011100110100100111111011011011011101000100110001000100110101100101110111101100100111111
011111111111111111111111111111111111111111111111111111111111111111111111111111111111111110110000
000001100000001101100011100111011010101
0111111111111111111111111111111110101011100001111111110011000111110101110111010110100001001
011111111111111111111111111111111111111111111111111111111111
010100100101110110111100001101011011010101100011101110111111110
00111111111111111111111111111111111111111111111111111111111111000
0000000100101100101001011010100111010001010100111010000100111000000001100
00011111111111111111111111111111111111111111111111111111111111111111111000100011111100010100110111111011101111010001001010001100011001110110
00111111111111111111111111111111111111111111111111111111111111111111110111100101110101010001001001111
01111111111111111111111111111110110001000001001111101110110000111101001101100100011110
00111111111111111111111111111111111111111111111111111110000110111000110010011011101100001101101100001100010001010110
001111111111111111111111111111111111111111111111111111111111110110000011010010000001010011010101111100100111110101101011110001
011111111111111111111111111111111111111111111111111111111111111110011101100100111000110
001111111111111111111100101100111010110001001
0111111111111111111111100100010000011110100100001000010101100011000001011011001010101100110011001010101001101100011010110
001111111111111111111111111111111111111111111111111111111111111111111111111111111111111111111111111110111
011111110111011111001
011111111111110111110000000101010111010100100001100010011110
0011111111111111111111111111111111111111111111011010110010111010000100000111101110000011011101101101110111110011111001
01111111111111111111111111111111111111111111111111111111111111111111111110110011
0111111101100001010011010010100111010111011
0111111111111111111111111111111111101010111101111100101101110000000110010010100001010101010010011011100000011011
0111111111111111111111111111111111111111111111111111111111111111111111111111110011111010000000001101011100100100101110011010
0011111111111111111111111111111111111111111111100000001110101110011001011010011111010101000001
0111111111111111111111111111111111111111111111111001100011001100111011011001110
001111111111111111111111111111110111010101011
011111111111100001101110100001000000011101010001101000001000
0000111111111111111111111111111111111111111111110
000011011001100001011000111111001110101010000001110110001111110101000000
00000001111111111111111111111111111111111111111111111111111111111111111001101
011111100011110000000101110110100110010111010110011110001001
01111111111111111111111111111111111111111111111111111011011111110011110001110100011000101010111010110110010110000
000001111111111111111111111111111111111111111111111111111111011100111011011010000
00000111111111111111100010001000011100110111111100011
011111111111111111111111111111110000001000000001001101100100000111001110110011000100
00011111111111111111111111111111111111111111111111110011001111111110010111100111010001001101010000111111010111001110010011000100101001000011111
011111111111111111111111111111111111111111111111111111111111111111111111111111111111111111101011101000110000010100100110110101001110010100110011110
001111111111111111111111111111111111111111111111111111110101101010111000111101111110110001101100100001110111000100011011000000101000101101001111011011011
0111111111111111111111111111111111111111111111111111111111111111111111111111111111111111111111111100111011100110100010000
0000011111111111111111111
0111010010000101110000001001110001
01111111111111111111111111111111110010101110011110100110011111110000001111
0111111111111111111111111111111111111111110001001000101000110001000011000111
0111111111111111111111111111111111100011
01111100111000101110011011111101000010110110101000110100011110100010011111110110011110011111
0111111111111111111111111111111111111111111111111111111111111111111111111111111111111111111111010100010001100100001011011011001011101000111010111010100011010111111000
000011111111111111111111111111111111111111111111111111111111111111111111111111111111001101100100001100
00011111111111111111111001010010001110000000101001010101110111111100010001
0111111111111111111111111111111111111111111111111111000110000000111000110000000111
0111111111111111111111111111111
001110101010010110000010011111
01111111111111111111111111111110011100100100100010110010111100110100000
00000011111111111111111111111111111111111001110111111000010000
00000111111111111111100000111001000011001101111001011100110111111010111111011000100101110
001111111111111111111111111111111111111111111111111111111111111111110000101001000110011100011000
00001111111111111111111111111001101000001001110101111100000010100001010010100100010
0011111111111111111111111111111111111111111111111111111000111100110100010000000111001001101011001111100001000000011111110010111
01111111111111111111111111111111111111111111111111111111111111111111111110111000000100101010001001010010
0011111111111111111111111111111110111001000011001011110001110000001101011000
00001111111111111111111111111111111111111111101001101110010100011010100011001010010101100111000111011111110110110001011001000100100000001
0111111111111111111111111111111111111111111111111111111111111111111111111111111111111111111110111001110111010000100110010100
0001111111111111111111111111111011000010111011110011110011001011100011010010111011000100010000000100101000011000
0000111111111111111111111111111111111111111111111111111111111111111111111111111111011100111110
001111111111110000100110010100100111110100110111
011111111111111111111111111111111111001100100001010010100000011111101001010001000010110000100100110110101001110011011100
0001111111111111111111111111111111111111111111111111111111111111111111111111111111111111110001010100000101011101000000001010110111001011111000000011100111001100011110000101001011101
01111111111111111111111111111111111111111111111111111111111111111111111111111111111111111111111111000010110100001011100110101011000010111001100100010000000111010000000001000011101101110100101111
0111111111111111111111111111111111111111111111111111111111111111111111111111111111111111111111111111000010000001001100101000011110010110100001111011011100111001110001111010001011010
00111111111111111111111111111111111111111111111111111111111111111111111111111111111101001011010010010001001010110110
00111111111111111111111111111111101110110100111111001110100010011111101
01111111111111111111111111111111111111010110000111010010100100110011010110100
000111111111111111111111111111111111111011011000110100101110100010000010011001001011001001110010011110000001100100001000
0000111111111111111111111111111111111111111111111111111111111111111111111111111110000100110
001111111110001011010100100000011001110
0011111111111111111111111111111001001100110010010011111100011
01111111111111111111111111111111101101001101110000111011111001001100110010100001000001010001000100001000
0000111111111111111111111111111111111111111111111111111111111111111111110101001010111001101
011111111111111111110111101001010010
001111111111111110110000000000110100110
0011111111111111111111101011101110011011110
001111111111111111111100001111101010010101010100111101001101000011111010111000
000011111111111111111111111111111111111111111111111111111110011100110111101111100100010001001010101001101101110001111001
0111111111111111111111111111111111111111111111111111111111111111011100100001100010010000111011101001000001110101111001000001100101000011000111001110101
011111111111111111111111111111111111111111111111111111111111111111111111111111111111111110011101011001001001010100110111100110110011111010101111111000111011010100001100000
0000001111111111111111111111111111111111111111111111111111111111111111111111111111100011111010010000010010001011010001010100100000011001001011
0111111111111111111111111111111111111111111111111111111111100001100010011001100101011101011010111111110111000111111101101001011101010011
0111111111111111111111111111111111111111111111111111111111111111111111111111111111111010111111100100011000100010011100010101001001100000100
00011111111111111111111111111111111111111111111111111111111111010111000110010001111111010
001111111111111111111111111111111
011111010100001011111101
0111111111111111110111
0111111000011100000010101111101101000001111100011111101000000000101000010100011001110001111
0111111111111111111111111111111111111111111111111111111111111111111111111111111111111110101100001100011001000000111100010
0011111111111111111111111111111111111110101100011011001101110011100001110010110111
01111111111111111111111111111111111111111111111111110101011011110100010010100111101000011111111100000000100011100
0001111111111111111111111111111111111111111111111111111111111111110010100001001110100010000100010110010101000010001101110100110101
0111111111111111111111111111111111111111111111111111111111111111101001011111101011110010110110001100011101011010
001111111111111111111111111111111111111111111111011111001011010001010101010000000111000110001110001001000011110000100110101010011000000
000000011111111111111111111111111111111111111111111111111111111111111111111111111111111101000001101001110101010111101010110110101010011110000111100111
01111111111111111111111111111111111111111111111111111111111111010010101011011110010110001010100100000101100100111010110011111000010000010011
011111111111111111111111111111111111111111111111111111111111111111111111111111001001110110111001010011100011011
01111111111111111111111111111111101011101011000010011000110110111010111001110100101100110100101111000000111001100001101001110010011
0111111111111111111111111111111111111111111111111111111111111111111111111111111111111111111111111101111000111101110011110101100111010001001100111000000011110101000100011011
01111111111111111111111111111111111111111111111111111111111111111111111111010111110110010100000001101001100101011100110110001011111011011
0111111111111111111111111111111111111111111111111111111111111110010001011000110001100010010100000010101101111000110010011111111100110
00111111111111111111111111111111111111111111111111111111111111111111111110101001010001100001100110001110010110101001100111111001100011010111101101111
01111111111111111111111111111111111111111111111111111111111111111111111111111111101100010011111
01111111111111110000000
000000001100111011011010001100010111111000100001000101110011110101
01111111111111111111111111111111111111111111111111111111111101001000100100001011110100101011011011000111011101100101010
001111111111111111111111111111111111111111111111111111111111100010101010010101000000011000001000100001100001111110111101101011001011010000000101111010
00111111111111111111111111111111111111111111111111111111111111111111111111111111111111111101100010111011111100000110001000001001000100010111111000000111101010000110101110111010111001101
01111111111111111111111111111111111111111111111111111111111111111111111111111111111111111111111011001001000001010111011110100011010001111110001
011111111111111111111111111111111111111111111111101010000010111001101011001000100011101100111
0111111111111111111111111111111111111111111111010110101110100010001110010010010010011100010111000101001101111111101100101000100010111010111001
011111111111111111111111111111111111111111111111111111111111111111111111111111111111111111111111101
01111010010111111000101101001110000011101111101101000111100101101001110101101111000010111
011111111111111111111111111111111111111111111111111111111111111111111111111111111111111111101111011100001110001110001110100010010100111010010100001001010010100010011000111
011111111111111111111111111111111111111111111111111111111111111111111111111111111111011100011010111100010101010011011000
0000111111111111111111111111111111110000010101000100000110001011110010110010100101110111000010101110100011100110000011001001
01111111111111111111111111111111111111111111111111111111111111111111111111111111111111111111101000101010100111110110010110010001001101011110010011101111
0111111111111111111111111111111111111111111111111111111111111111111010101110000000100101100010100010011010001110101011001000111001111000
0000111111111111111111111111111111111111111111111111111111111111111111110110001010111000100
000111111111111111101000000010000010
0011111111111111111100011110011010001011111000000101100010110
0011111111111111111111111111111111111111111111001011011000011001010100001011110010000101001001101010000010011010111100
0001111111111111111111111111111111111111111111111111111111111111111111111100111101101010001100101001100111010100001100010010001011001
01111111111111111111111111111111111111111111111111111111111011100100110111010101011010001010101011
01111111111111111111111111111111111111111011011011100110010100101011011101010111011110100001110001110101111101000011
0111111111111111111111111111111111111111111111111111111111111111111111111111110000001001000110011000001
01111111111111111111111111100000100100011000010011000100001
011111111111111111111111111111111000010011001100001101110001100111111100000
00000011111111111111111111111111111111111111000100001000110100001101010011110000010011101110011101001101100100111010
0011111111111111111111111111111111111111111111111111111111111111111111111100100101010100101111111010000110111110010110110110101100111011011111010001101110111111011
01111111111111111111111111111111111111111111111111111111111111111111111111111111111111111100010011011011001111001000110001011010101011000100110101010011010000101001000010011
0111111111111111111111111111111111111111111111111111111111111111111111111111111111111011000000101111111101100111010101010100111111100
000111111111111111111111111111111111111111111111111101101110110010101100011001010000111000110110000101010010001010111100101001101111101001
0111111111111111111111111111111111111111111111111111111111111111111111111111111111111111101000111
0111111101111110101011111110111010100111011
0111111111111111111111111111111111110101100001001001000001111010101101100011000001100010001110110010001100
00011111111111111111111111111111111111111111111111111111111111111111111110011110010000010001110000000011011011100010001111111001001101001111100
000111111111111111111111111111111111111111111111111111111111111111111111101011001011110111011010011011100
0001111111111111111111111111111110100001110001001110101100001110100010111111100111010111101101111111011101111100000000
00000000011111111111111111111111111111111111111111111111111111111111111111111111111110011101101110111100100001001011101110111010000001110001001100
0001111111111111111111111111111111111111111111111111111111111001001000111100101111101110101010111101000100101100111100001111010111000100010111
0111111111111111111111111111111111111111111111111111111111111111111111111111111110001111011111010110011000000100001011001100100100111101010001010111100001101
01111111111111111111111111111111111111111111111111111111111111111111111111111100010110010001011110111001001011010101010110000001111100101101111010
001111111111111111111111111111111111111111111111111111111111111111111110101011101000100000110110000110010001101000010101011111001011010100110000111110100000100
000111111111111111111111111111111111111111111111111111111111111111111111111111111111111110000110011110100000
0000001111111111111001000000000000101011001101010001011010010100100001111011010111000110
0011111111111111111111111111111111111111111111111111111111111111111110110110101100011001001101101000001001010011001000110100100100101010010
001111111111111111111111111111111111111111111111111111111111111111111100101100101011001010111100011111001010011010111001000110011001011101010010100111100101
01111111111111111111111111111111111111111111111111111111111111111111111111111111111111101000111110000011011111101001101110101001111111001001001001110011010110
001111111111111111111111111111111111111111111111111111111111111111111111101000110001011111011000100011111110111111111011110001101010011110111
011111111111111111111111111111111111111111111111111111111111111111111100010101000000110011001
0111111111111111111111110100000
0000001101010001100011001111000101011000111000010001110101110110010001100011
0111111111111111111111111111111111111111111111111111111111111111111110100001110000011001101000
0000111111111111111111111100011010111001110001000010110000101110100101000110100
00011111111111111111111111111111111111111111111111111110001111110110011011
0111111111111111111111110000001001001010011111000011111100101000010010000001101111110111000100001010111100010
0011111111111111111111111111111111111111111111111111111111111111111111111111111111111111100111110010000010101111110010111001100000
0000001111111111111111111111111111111111100010111010100110001001000110011010100111111110000010100111
011111111111111111111111111111111111111111111111111111111111011011011010000100101101100101100100000001101110011011111100
00011111111111111111111111111111111111111111111111111111111111111100100110100000010000001010001000001101101101
01111111111111111111111111111111111111111111111111101000010100101110101100000010101001
011111111111111111111111111111111111111011000110111100101101000010110011000100100011100100
00011111111111111111111111111111111111111111111111111000110101001111111110000100001000001000010011000010
0011111111111111111111111111111111111111111111111111101000100010110000011010101100000011100101110111100000
000000111111111111111111111111111111111111111111111111101000001010001111101110001000101000110011010
00111111111111111111111111111111111111111111111101011100010000110110101101111110001101101110100110000
0000011111111111111111111111111111111111111111111111111111100101010000001110111110110011100000001001
011111111111111111111111111111111111111111101110010010111011100010010111000100010110010010
0011111111111111111111111111111111111111111111110010110110000011100100001001101010001010011101011111010100
00011111111111111111111111111111111111111111111111111111111101001100000100
000111111111111001000000010110110001
0111111111111111111111110101100011000011000010010011111110000110111101000111110110011100000001111111001000011000
000011111111111111111111111111111111111111111111111111111111111111111111111111111111111111111101100011101000010010111101110010101001011100111100010011
011111111111111111111111111111111111111111111111111111111111011010000000011110111111010011111010010010010101100001101111000101011110101110000110100001000
0000111111111111111111111111111111111111111111111111111111111111111111111111111111111111111111011001100100011101101101010111001100010111100100100111
011111111111111111111111111111111111111111111111111111000111110000001111010110001101000001001001011010110101111100001000011111000010110000
00000111111111111111111111111111111111111111111111111111111111111111111111111111111101000000100001001110000000011011100101101111111000010000001010010
00111111111111111111111111111111111111111111111111111111111111111011100111011101110010001010101101100011101000001100001101001011111010000111
0111111111111111111111111111111111111111111111111111111111111111111111111110111101100010010101000
0000111111111111111111010000001101110101111101100110001001100111001100
0001111111111111111111111111111111111111111111111101111011001011100
000111111111111111111010100000100000
00000011111111111010001000011111101001010000101111010000100111001010101111100010100011011100110
00111111111111111111111111111111111111111111111111111111111111111111111111111110110110011101101101111000000110100001111000011010011010010000010111001011101101111110001000100
0001111111111111111111111111111111111111111111111111111111111111111111111111111111111111111111101011111110101010111
01111111111111111111001000110000001111111111000000011110001010111011111000010
001111111111111111111111111111111111111111111111111111111010111011110110100000
0000001111111111111111000
00001010000101101100110111110110110110110010100101000100111
0111111111111111111111111111111111111111111111111111111100010001101
0111111111110100101000110010001001
01111111111111111111111011111011100001101101011101110001000110000100011
0111111111111111111111111111111111111111111111111001111
0111111010000011000110011011100011111000011111010110010110000101101111111111111100001111011110101110
0011111111111111111111111111111111111111111111111111111111111111111111111111111111111111111111011111010110111101011010000100011011011010100000101110011000
00001111111111111111111111111111111111111111111111111111111100011111111011010011000001111
01111111111111111111111111111111101101100110
0011111111111111001101110110011011011001010110100001111101111000000010000100000001101100010100
000111111111111111111111111111111111111111111111111111111111111111111111111111110111010111101000101010101001100101000100000000110011
0111111111111111111111111111111111111111111111111111100110111
0111111110011010100100000110010101
0111111111111111111111111100010
001111111100110100001011001011110000100100000010
00111111111111111111111111111111111111111110011101010100110100100111101010000011001001101011101100000010000000110010
001111111111111111111111111111111111111111111111111111111111111111111111101001100110001110100001111011110110010
00111111111111111111111111111111111111000101111010101111011110111000101011110000110010000010100110100111000100010100
00011111111111111111111111111111111111111111111111111111111111111111111111111100001011100010010011111010000000110001001010111100000111001011110011001
0111111111111111111111111111111111111111111111111111111111111111111111100001000101001011100010010000100011111111100110
0011111111111111111111111111111111111111111111100
0001010101001000101101000000111000001110111111001000001001110000111011100110001000010011010110
0011111111111111111111111111111111111111111111111111111111111111111111111111111111111111111111
011101000110010100001100110100101011011000101010010011100000101
01111111111111111111111111111111111111111111111111111111111110111001001000100011011110110001001111110010011001100111010001100010110011001001000110111010011
011111111111111111111111111111111111111111111111111111111111111111111111111111111111111111111100101100111001100000010000011111100110111001001001101000111101110010101101010111110110
0011111111111111111111111111111111111111111111111111111111111111111111111111111111111111010011111000000000010011110110110000110110101001111001101110011
011111111111111111111111111111111111111111111111111111111111111111000000100010011010010001111101100000010
00111111111111111111111111111111111111111110111011001100010100110110000010101001011001001110011111101100
00011111111111111111111111111111111111111111111111111111111111111110100111110110011111010110111010010
00111111111111111111111111111111111110010011000100101001111001110110010001110101111000111101100
000111111111111111111111111111111111111111111111111111111101010110101100000000001110101110001010001111100111110101110101101010010110101011010001000001111001
01111111111111111111111111111111111111111111111111111111111111111111111111111111111111111111111111101010010100101100110100000011100010011000101111110101110
0011111111111111111111111111111111111111111111111111111110010111010000110000010101011111111100010100100001
011111111111111111111111111111111111111111111111111010101101100101001000110
001111111111111111111111111000111111010001101000
000011111111111111111100101001000
00001111111111111101111001110110101010100000111110101010010001
0111111111111111111111111111111111111111111111111111010011001110010100101101111000000011110001010011100100101010001011010100000000100111111
01111111111111111111111111111111111111111111111111111111111111111111111111111111111111111000111001110110001101100001001111110001011110000101101011010111
011111111111111111111111111111111111111111111111111111111111111100011111010001110100001111001101010001010010010110100011010001111110000110
001111111111111111111111111111111111111111111111111111111111111111111111110
0001000111010000100000000111101110101100101010101100011001100100010101001110111011010001
01111111111111111111111111111111111111111111111111111111111111111111111111111111111111100011001000010011101000110
00111111111111111111111111001000000110000000101001010101110011011110110000001100100
000111111111111111111111111111111111111111111111111111111110000010111111101010100101101110110000100100011
0111111111111111111111111111111111111111111111111001111001100101101100110101001101011
01111111111111111111111111111111111110100001
011111101010000001011101101000000001011111100111101100011001
0111111111111111111111111111111111111111111111111111110011011000100110110011000000110001010110
00111111111111111111111111111111111111111111110000111100010101001111000001010001010101111111101110010011101101
01111111111111111111111111111111111111111111111111111111111111111111100001000011101001100110010001111010111110101101011011100101000000101011011110110000
000001111111111111111111111111111111111111111111111111111111111111111111111111111111100110101111000111000100010
00111111111111111111111111111011000111011000101101110011111000010011101111000101010011000011111111000110110111101011010
0011111111111111111111111111111111111111111111111111111111111111111111111111111111111111111100000010101011011110110001100011001011001011001101
0111111111111111111111111111111111111111111111111110010100101100110000001101001100111
01111111111111111111111111111111111001001101111110110011000110110111001101100001101100010001100001
0111111111111111111111111111111111111111111111111111111111111111100000111011100110100101110111100100000001010010111001010110101011001110011001000101100
00011111111111111111111111111111111111111111111111111111111111111111111111111111111111111101010101101111101011000001110001010010101111000001010111000010110001001100100110100101111
0111111111111111111111111111111111111111111111111111111111111111111111111111111111111111111110101101100011111001
011111111111111111111101010100001111001110000111010110110010110001101101110100100
0001111111111111111111111111111111111111111111111111111111111101001
011111010111011101010001100010011000010001111101110110110111101011000101010001011010011
011111111111111111111111111111111111111111111111111111111111111111111111111111111011011010010100010101101111100111101111101100011110011001011100111010010001001101010111001111
011111111111111111111111111111111111111111111111111111111111111111111111111111111111111111111100110101010101110000111000010111011111100000110001011110
00111111111111111111111111111111111111111111111111111111100000110111110101111101010101011110
00111111111111111111111111111111111