990
010001100110101110100010111011000000110001101000110101101000000000001100
0001111111111111111111111111111111111111111111111111111111111111111111111001111010111000100111000001111111001011010110101
0111111111111111111111111111111111111111111111111001101010111100000000000101000100100110110000111001011111011110110010110011011
01111111111111111111111111111111111111111111111111111111111111111111111111111110111111111111111100010010101001101110110001000101100111110110100011011111111011111101010
0011111111111111111111111111111111111111111111111111111111111111111111111111111111111111110
00110001100011011111101100110110011101100
000111111111111111111111111111111111111010001
0111111101110001000110111110011000111011010101100001100111010011000101000111010000000111101000101110011
01111111111111111111111111111111111111111111111111111111111111111111111111111111111111111111111111011101101001000100000101001101100010001011111010
001111111111111111111111111111111111111111111111111011100110110
0011111111111100111110101000110011111100000010010101010110010100011000100000001100011
0111111111111111111111111111111111111111111111111111111111111111111111100001010100001000111010001101011101000011001001111100101010010111001
0111111111111111111111111111111111111111111111111111111111111111111100100011110000011001000101010001000010000110001110101101101101100011100111010111101
011111111111111111111111111111111111111111111111111111111111111111111111111111111110101101000111010011101111100101101110010101110001010100111001010001100
000111111111111111111111111111111111111111111111111111111111111111111111100100011110010111100010000100111110000101110011110000111100111000010100111010101111001110
001111111111111111111111111111111111111111111111111111111111111111111111111111111111111111110001100011100000100101111
0111111111111111111111111001101101110100001111010100101011011011100010110000011100101111110100011000100101001111010101
011111111111111111111111111111111111111111111111111111111111111111111111111111111111111111111010101110000011
011111111111111001111110100111100101111001100111101000010001011101100001011011111011101110111
0111111111111111111111111111111111111111111111111111111111111111111111111111110100010001010001001001110000110000010101101110100
0001111111111111111111111111111111111111111111111011011001001110
001111111111111
1110011001110011010010101101111001011001010
00111111111111111111111111111111111111111110001100111101101001101101
01111111111111111111111110011011010000011011100010010100001101101111111010111000
000011111111111111111111111111111111111111111111111111101011011110
00111111111001100000110101001110001001011011100100011011001110010100
0001111111111111111111111111111111111111111111111111111110100110000111111000001001011011101100000011010100011110111101111
0111111111111111111111111111111111111111111111111111111111111111110110100111100011101101001
01111111111111111111111111110100100
00011111110001101111100110000010011110110001101111
01111111111111111111111111111111111111111100110110
001111110000110001101001110000001101100111001001
011111111111111111111111111111111111111111011000011011011101110111010100111010110100011000110
00111111111111111111111111111111111111111111111111111111101010100001010111000111
011111111111111111111111111011100011010100111010111001110001101000011101111100110011100001110100100100100000111000011110001001
01111111111111111111111111111111111111111111111111111111111111111111111111111111111111111111111111111100000100001111101010001100100110110111011001110000011110011101110111101100100110001110001100101
011111111111111111111111111111111111111111111111111111111111111111111111111111111111111111111111110101111100110101111011001
0111111111111111111111111011111011100100000111111110101111101000101011011101010001010101111010111110000
0000011111111111111111111111111111111111111111111111111111111111111111111111110100110001011011001010100111001011100001111011110010010010010001110100
0001111111111111111111111111111111111111111111111111111111111111111111
10110011011100111110011110101111011101000111101000001011100101
01111111111111111111111111111111111111111111111111111111111111000011110110100010110110011011111010010001111001001000101101100111111110010000000111000100110110
001111111111111111111111111111111111111111111111111111111111111111111111111111111111111111111111001001111001011011101000111101011001001001001001110011101001011011000110101000111001010111110001100
000111111111111111111111111111111111111111111111111111111111111111111111111111111111111111111111111011001000010101110000001101100000010000010111110001000
0000111111111111111111111111111111111111111111111111110001110000110111010110011010110010011101011001010001011110110010011100111001011001
011111111111111111111111111111111111111111111111111111111111111111111111111111111100010010100001011001
01111111111111111111011111001000111111001011011001010000101010010111000101011
0111111111111111111111111111111111111111111111111111111111001100010100000010011000111111111000001101111101010110100110000000
000000001111111111111111111111111111111111111111111111111111111111101100100100110100000010
00111111111111111111111111000101110101001011011110
00111111111111111111111111100100110011
011111111111001100
00011110110111111101
01111111111110100100111000101111011101000110101010000011000011101010
001111111111111111111111111111111111111111111111111111100110111110000000001000111001111100001110001100111001010101010101
0111111111111111111111111111111111111111111111111111111111111111100111001000111000100010100001100110
001111111111111111111111111111111110010010000011010000010010111111000110100100000100111010000111110110001001111101001
0111111111111111111111111111111111111111111111111111111111111111111111111111111111100011000001101110001001110010110010100010010110000110101001001110011
011111111111111111111111111111111111111111111111111111111111111111111011101111011000001100000100101110100100001011
01111111111111111111111111111111111111111111110011111110010100100111101001110100101101000010000001100111110110001
0111111111111111111111111111111111111111111111111111111111111111111111101111110110000001111011110101110110111100011000011001011011110010010001110
0011111111111111111111111111111111111111111111111111111111111111111111111111111101111010001010001101100000011011100111
011111111111111111111111111111111111111110010011111111000001110
0011111111111111111111001110011110110101011010011010101101010011111010011011000100011111000010011100010101110
001111111111111111111111111111111111111111111111111111111111111111111111111111111111111100110010001111000111000000111001011010010000101111010010101111000001001010110110001
01111111111111111111111111111111111111111111111111111111111111111111111111111111111100011111110001001010111100001100
00011111111111111111111111111111100011110000001101111110100101001000110011011110101001011101010100110111010001000000000000110
001111111111111111111111111111111111111111111111111111111111111111111111111111111111111111111010111100011101100011100101000110000010110011000000001101110010001010001101111101100010000011
011111111111111111111111111111111111111111111111111111111111111111111111111111111111111111111111111110010100001000100000001010100111011011111010
0011111111111111111111111111111111111111111111111111001010000000101011000111010011001000
00001111111111111111111111111111111110101111110000001010000000100010001
011111111111111111111111111111111110010110100010010101011100110101001110010011011001100010111000101100101110001100001010
001111111111111111111111111111111111111111111111111111111111111111111111111111111111110110101000
00001111110111000111100011100010101000110011001111111111100001110001001110111111101000010110001001110011010
0011111111111111111111111111111111111111111111111111111111111111111111111111111111111111111111111110110111110010001000101100101111001101110101101100100001000110110111101010100100110100
000111111111111111111111111111111111111111111111111111111111111111111111111111111111111001001001000000011000011111000010100000011000100110100101001100100111001010
001111111111111111111111111111111111111111111111111111111111111111111111111100100101110101100111000001101111011111001111111111
011111111111111111111111111111111111111111111111111101010010010
001111111111111000001111100000
00000011111111111101000001010101000100101111111010001101100011111011010000110110001111111100001010001001
0111111111111111111111111111111111111111111111111111111111111111111111111111111111111100111100010001
0111111111111110101110100
00011111111010001111010110
0011111111111110010100001111010001100
000111111111111111111110000000011110100010011011010110001111001001000000110000011
0111111111111111111111111111111111111111111111111111111111101011101101000011011001
01111111111111111111111000011001110111010110111001100010101000101111100011001011001101101000111001001101
011111111111111111111111111111111111111111111111111111111111111111111111111111111010100110010100111111000100100101001011011110101101001101110111100011100010100100
00011111111111111111111111111111111111111111111111111111111111111111111111111111110011011110111111010101011001111010100100111001010111111001110010111110
001111111111111111111111111111111111111111111111111111111111111111111110001011010100000010110010001101111011101110111011001001
011111111111111111111111111111111111111111111111111111111010010110111101001011000100010010101011011110101000100000110001000011101101001100100011000000100
00011111111111111111111111111111111111111111111111111111111111111111111111111111111111111111111111001111010001011001011001101001110100010100010
001111111111111111111111111111111111111111111111010010001011011100011000100101110000111011101100001
011111111111111111111111111111111111111111111111111111000001110010010000111011000011000011001000010010
001111111111111111111111111111111111111111111111111000101001011101001101100111011
011111111111111111111111111111111101000111110000100001010110100010100100111101010001110101100101011111011001111100
00011111111111111111111111111111111111111111111111111111111111111111111111111111111001101111101110101100000011000
000011111111111111111111111111111
010100010000000001010110000100100110100110011101101101101111100110101
01111111111111111111111111111111111111111111111111111111111111111111100000010101011000110011000010011100010111000001111111101010001110001000110100100
000111111111111111111111111111111111111111111111111111111111111111111111111111111010100010001101011000011
0111111111111111111111110100010010011001111101110111110000101100011111111100101101100111011
01111111111111111111111111111111111111111111111111111111111111111111010
0011111
0111101
01110000110100101011010000100011110101110001011001011111110010001001110110001111011010001111110101
0111111111111111111111111111111111111111111111111111111111111111111111111111111111111111111111101000110101101110101001101011101010100010111010011110100110010000101010000010000
00000111111111111111111111111111111111111111111111111111111111111111111111111111100110011101001101010101110111100100011101011001110000010011111001110
0011111111111111111111111111111111111111111111111111111111111111111101000111100111110000110110011110011100001011001100111100011011001110000100101
01111111111111111111111111111111111111111111111111111111111111111111111111111011011111010001100000010111101000101011001001110001011110010000100110011010110111
0111111111111111111111111111111111111111111111111111111111111111111111111111111111010100000110100010011100000010101000011
01111111111111111111111111111111111111110010011101101
01111111111111110010010101010011011010101100010110110110101010110101011011110110
001111111111111111111111111111111111111111111111111111111111111111100000010101010011010111000011010001011110011010110010001111100010001100
000111111111111111111111111111111111111111111111111111111111111111111111000101101010110100100111101111111110101001010101110001000100001101
011111111111111111111111111111111111111111111111111111111111111111100101100100000001010110011101001100001111010001100110011001101010111100100
000111111111111111111111111111111111111111111111111111111111111111111111111011011
0111111001000001100011110110011010
00111111111111111111111111101110011010111001101110100110000011010000100
000111111111111111111111111111111111111111111101111001011010011110001111
01111111111111111111111111110111111111000110010110101110101011000111111100110100000101001101110011111001000010001001001110000
00000111111111111111111111111111111111111111111111111111111111111111111111111111111111111111111110001010111010
00111111111110110101111000001011110111000110
00111111111111111111111111111111100011111
011111111100110100100110100111111100011010011001010011010101000100001101101110000010110011001100000000001001
01111111111111111111111111111111111111111111111111111111111111111111111111111111111111111111111111001000111010100000000100011101100011110001101110100110111111101101001001100000101011001101
0111111111111111111111111111111111111111111111111111111111111111111111111111111111111111111111000101001010010000
000001111111111111111110110000000011111110111010111001000101111000
000011111111111111111111111111111111111111110101000010111110101110000100001110111001110100000101000100100101110
0011111111111111111111111111111111111111111111111111111111111111111
100001000000110101011010010100000100011110010010110100010100110110001000011100001001010111001001011
0111111111111111111111111111111111111111111111111111111111111111111111111111111111111111111111111110101010001110110111101001001001110
0011111111111111111111111111111111111110000101001
011111111111111110111011001011011110111010000101011111011010
001111111111111111111111111111111111111111111001001000010110110111111011010111000000
0000000111111111111111111111111111111111110110100
00011111111110110001100001010101101000011001001
011111111111111111111111111111111111101100001100011110010010001110100000111101000100001111110010111100111
011111111111111111111111111111111111111111111111111111111111111111111001000001111010111100100110111111011001100100010100010001011100110110
0011111111111111111111111111111111111111111111111111111111111111111111101001110010111110011100111000101000011000
00001111111111111111111111111111111111111111101100010100011011100001111000110011010011101101100101101110101
0111111111111111111111111111111111111111111111111111111111111111111
010000101001
0111111111001101100000111110111011101
011111111111111111111111111000110101111101101011000110101010011100011000110
001111111111111111111111111111111111111111111111111100101011100001110110
001111111111111111111111011011001010001101101101101111000110110101010110000010011100010110000110001101100110111100000001011
01111111111111111111111111111111111111111111111111111111111111111111111111111111111111111111111111101110110111001111111
01111111111111111111001111
0111111001011101011001100001100001100000010101011001101011011010100011010
001111111111111111111111111111111111111111111111111111111111111111101111110100000110000000100101100001011001011011010101100000001100001010110110
001111111111111111111111111111111111111111111111111111111111111111111111111111001111101100011111010000001100101010011001000100111010000101011100001
011111111111111111111111111111111111111111111111111111111111111111111110001010011101010110110101001000011101001001101011
01111111111111111111111111111111111111111111111111001000110011111001010110
00111111111111111111111111010000101011000011010111010010111010111011111100000001111010011001001001101000101011
011111111111111111111111111111111111111111111111111111111111111111111111111111111111111100110
001111101
0100101110111101011011101011111101100
0001111111111111111111111111111111110001011010100101110011111101010101111100011011000100100100100011110111001
0111111111111111111111111111111111111111111111111111111111111111111111111101101010101100011
01111111111111111011101110101010000111101110001111000000101000010101000111100110111100011110001100111010110011101100
000111111111111111111111111111111111111111111111111111111111111111111111111111111111111111111111111011
011100100110010111111110110000100000110100110011100000001
01111111111111111111111111111111111111111111111111111110100110111010100
00011111111111111101111111010100110110111110100111101011110100010010101101110010001000100001
0111111111111111111111111111111111111111111111111111111111111111111111111110110111110110111011101100010110010010110111011100111101101101010111111010
00111111111111111111111111111111111111111111111111111111111111111111111110100010110101110000000010011100110010000010011111000101101011101011101010010110011011000110110
00111111111111111111111111111111111111111111111111111111111111111111111111111111111111111111111011111001011001110100111001011101110010
0011111111111111111111111111111111111111000001101001101011001101000000110010011110001011110001110010100
000111111111111111111111111111111111111111111111111111111111111110010101
0111111111
011101
0111111101011010000110111111100101001101001011100111001100110101111101000011100000101111001010111
01111111111111111111111111111111111111111111111111111111111111111111111111111111111111111111111100011111100000100111000110100010011101010101011
011111111111111111111111111111111111111111111111111000001001000101000101010110110101
011111111111111111111111111111111010100
00011111001000001101011010001111000101110110111010101010100100110010010101
0111111111111111111111111111111111111111111111111111111111111111111101000110001100111000100111001001100010011111110110101000100010011011011111
0111111111111111111111111111111111111111111111111111111111111111111111111101010001110110011010001010111110001111001101111001000110000110010010111111000100100011001100101110
00111111111111111111111111111111111111111111111111111111111111111111111111111111111111111111111111001110101101101000011001100110100100110111110110010000100100101
011111111111111111111111111111111111111111111111111111111111111111000010111101011001100010001010100100100101010000000101010110101100110000110101000
00001111111111111111111111111111111111111111111111111111111111111111111111111111111111011011111011011101011110101000011100000110101111100001011000110101010010110000110111
011111111111111111111111111111111111111111111111111111111111111111111111111111111111111011011011101010011001101001000101001011011001011110010
0011111111111111111111111111111111111111111111111111111000001000100000010101010100000010110100100000001100100011101010111101110100010
001111111111111111111111111111111111111111111111111111111111111111111111111111101101001000110010000101011110111000011001111110011111
011111111111111111111111111111111111111111111111111111101101101111100111011111010111000110011010001010011011010100110001000001110001000101
01111111111111111111111111111111111111111111111111111111111111111111111111111111111110001100100010000001001000010100000010101000000100
000111111111111111111111111111111111111111111111110001111001000100101000110110110111010000111001100000001110110101001010
00111111111111111111111111111111111111111111111111111111111111111111111011
01111011011100111001011101
01111111111111111111110100010111000100100010111001111111000111101110111011111
0111111111111111111111111111111111111111111111111111111100000010101100011000100000111011110011100011011011010110100101000110100100001100101011001011
01111111111111111111111111111111111111111111111111111111111111111111111111111111111111111111101010001001001111111010010011011011
01111111111111111111111111111111111100000110110100000101111000000100101011100101110010100010000101000010101001000100
000111111111111111111111111111111111111111111111111111111111111111111111111111111111010000000000010011111000110111011001010010010100001110010110111
011111111111111111111111111111111111111111111111111111111111111111100100000110010100111001011001000000100100111111110000000111
01111111111111111111111111111111111111111111111111111111111101
0100000110010101101101001011101010101000011110100010011110111000
00001111111111111111111111111111111111111111111111111111111111101011101011111100111010001110001
011111111111111111111111111111111111110010001010010011100110111000100110001011
0111111111111111111111111111111111111111111110111110101100010111000111111010110011010101100111011101100
000111111111111111111111111111111111111111111111111111111110101001100010100010101010110011101111010111000
000011111111111111111111111111111111111111111110101000100010000111011
011111111111111111111111011010101001010111011101010010110001111001001010001011100
000111111111111111111111111111111111111111111111111111111110000101101000101111100
00011111111111111111111011001001100100100011100000000000110100001100000010111
011111111111111111111111111111111111111111111111111111110001101010101111011000000100111111100
000111111111111111111111111111111111111011111101010111000101010000110111111101011010001010000001011010010000110000010001100011111
011111111111111111111111111111111111111111111111111111111111111111111111111111111111111111101100100101110100110010011111010010001010110001010111010111000110100100101011101001100
00011111111111111111111111111111111111111111111111111111111111111111111111111111111111010100010001111001111100010111011011111000111000101100110101111100001100101
011111111111111111111111111111111111111111111111111111111111111111111111111110011001
0111111111001011111
0111111111101001111101100100010001100011100110101001111101100010
001111111111111111111111111111111111111111111111111111010101011000111110001101100010110001011000110010001
01111111111111111111111111111111111111111111111111111111011011101110101100001
011111111111111111111111110100100101000111110110110101001110110010000110110101011000000111101110001001110
0011111111111111111111111111111111111111111111111111111111111111111111111111111101011010110110101001010101100001100
000111111111111111111111111111111111111101111
01111111100000100010101001000101000111010101001101100110001011001000010010
001111111111111111111111111111111111111111111111111111111111111111110010111000001100010011111010000110101001110010110111
01111111111111111111111111111111111111111111111111111110101001010001111000100
0001111111111111111111100010111101111101
01111111111111111111101101100100000000010111000101001010010000101110
00111111111111111111111111111111111111111111111111111111010100010000110100011111110100000011011011110010011111011111111
01111111111111111111111111111111111111111111111111111111111111111111100001111001010000001010110010010001010100101000000111011011010011000110000010000001111
01111111111111111111111111111111111111111111111111111111111111111111111111111111111111011100100001011010111101001100100110010010110001101010001111010011010110111001101010000011110001
0111111111111111111111111111111111111111111111111111111111111111111111111111111111111111111111110000110001100101110001110111111111100101011111010001001110011100000100011101010011011100010
001111111111111111111111111111111111111111111111111111111111111111111111111111111111111111111110000010101010100100010111100110000110110101011011101
011111111111111111111111111111111111111111111111111111110011100101011100111001100111010110100000001110011111000
0000111111111111111111111111111111111111111111111111111010010011101011000110110110001111101001000001001110100001111000010010011101000100011
0111111111111111111111111111111111111111111111111111111111111111111111111111111111111001100101001000110101000011111001
011111111111111111111111111111111100100110101100101110000110010100100011101000011100100110101011010001100110001001010001
011111111111111111111111111111111111111111111111111111111111111111111111111111111111110100100101100010110011101111111010010001100110100
0001111111111111111111111111111111111111111111111111010100000
00000011111100001111101001101000001010010110000011001010000010101100110000110010
001111111111111111111111111111111111111111111111111111111111111111110010111110
0011111111
10011010110101011010011111100110001000111110000011100101111111011010110101100011
011111111111111111111111111111111111111111111111111111111111111111111111111111111001010100010010000001010010101111000111001101001011111110100011
0111111111111111111111111111111111111111111111111111111111111111101010111101000010110000111000001010111001101011011001110010001100010111100110100
0001111111111111111111111111111111111111111111111111111111111111111111111111111111000110011111101100100111011100101111001100101100011010111000110101000
0000111111111111111111111111111111111111111111111111111111111111111111010000111100111010
001111111111111111010101101000000010
00111111111111111100001111101001001100010110101
0111111111111111111111111111101110010101110000011100000001111110101101101101000001110101110101010010110101100110001101110
0011111111111111111111111111111111111111111111111111111111111111111111111111111111111111111101000110101001111000011110100101010011111011000111110100
0001111111111111111111111111111111111111111111111111111111011011100111011001011010101100110111110011001001101101100111110011110101000011110111000
00001111111111111111111111111111111111111111111111111111111111111111111111111111111111111010011
0111110001011101001000010011000000101101110010000101
011111111111111111111111111111111111111111111111001010011111000000001010000111111000000011100110
00111111111111111111111111111111111111111111111111010010010111111110000110011010110110111101010110000110000100010011011110110110110110000
000001111111111111111111111111111111111111111111111111111111111111111111111111111111111101011100111010100011001110110100001011000001110
001111111111111111111111111111111111111111111111100011100010101101010100101000111001101100000
0000001111111111111111111111111111111111111110010011010111110010001101110001101110110000110100
0001111111111111111111111111111111111111111111111000001000110010110011010100100011011010100001111001000010001111101110000110001010011100111110
001111111111111111111111111111111111111111111111111111111111111111111111111111111111111111111010111011001100000000011100110000111110010101101000101110100
000111111111111111111111111111111111111111111111111111111111011110001001001100000111101000101111010011011101010101011110101011100100001010110
00111111111111111111111111111111111111111111111111111111111111111111111111111111110101111010111100110110111111011
01111111111111111111111111111111101110110110010100011000001000000010
001111111111111111111111111111111111011110100100101100011001111100001100101101111100011
0111111111111111111111111111111111111111111111111110000110
0011111
100101110011100110110010101010010100111010100111
011111111111111111111111111111111111111111111111111110010010011100
0001111111111111110110001001111100000010001100010001101000110111100100101
011111111111111111111111111111111111111111111111111111111101110100000011011101000011110011010011110011001
0111111111111111111111111111111111111111111111111100011001110011010110101001110000101100100111100011110000101111000010111111000110110001000001001110
001111111111111111111111111111111111111111111111111111111111111111111111111111111111111111111111111100111111000001010001011000
00001111111111111111111111110100
0001000010111011011110000001100100100101111011101011011011
011111111111111111111111111111111111111111111111111111110000000001101001011100110100001100111001110110110110101101110110000000111001000001
01111111111111111111111111111111111111111111111111111111111111111111111111111111111110110001011011011110111111100111011010001101000000001011010101100100011
011111111111111111111111111111111111111111111111111111111111111111111111111000101001000111001100011101010011111000000110001100101110110000000000100111011101111100110011
0111111111111111111111111111111111111111111111111111111111111111111111111111111111111111111111111101101010100000000101000001111100100101100001010000100110101011101011010100101101
01111111111111111111111111111111111111111111111111111111111111111111111111111111111010
0011110000001100011101110000111110110111101011100010101101100010101011101100001101011010000101101
01111111111111111111111111111111111111111111111111111111111111111111111111111111111111111111111000
00001111100111000001010000011101110100000111000010110100000100
00011111111111111111111111111111111111111111111111111111110111000010110111100101010010001000111010110111
011111111111111111111111111111111111111111111111110010101100110010000111110111000000010011010100111000101011010100101011100001110000
0000011111111111111111111111111111111111111111111111111111111111111111111111111111110111100110001100101001000011101001110111
0111111111111111111111111111111111111111001000101
0111111110010000110000001000111001100000110110111100110111000010101101101111110111000111
0111111111111111111111111111111111111111111111111111111111111111111111111111111100100000000010110011111001010111101110100001010100110111011111000100100001001101001000
00001111111111111111111111111111111111111111111111111111111111111111111111111111111111100011111101110110011101101010111
0111111111111111111111111111111111100110111101111011000100001101001101001011110110011010110101
0111111111111111111111111111111111111111111111111111111111111111011010110010110101001001011000010100001001110101000101111101110
001111111111111111111111111111111111111111111111111111111111111111011000010100101011010000011100011001000011101011000011011000001101100110010110011
01111111111111111111111111111111111111111111111111111111111111111111111111111111110101000100000000001000101000111000111011110110010011111110000011000
000011111111111111111111111111111111111111111111111111111111111111111010100100011011
0111111111111111100101110101001010101011000
00001111111111111111111111111100111101000000101111101111110011110111
011111111111111111111111111111111111111111001011001101110110010010111010011100001101100000000001011010001010
0011111111111111111111111111111111111111111111111111111111111111111000000111101101000101110010100101100010011101001001001111010000011011011100010
00111111111111111111111111111111111111111111111111111111111111111111111111111110111111011101000001110000010101111000101110010110001010100101101110100100001100100011011011000001
01111111111111111111111111111111111111111111111111111111111111111111111111111111111111111111111110110000001100001101000111010
0011111111111111111111111111001000011000101010110001100101011111000000111
0111111111111111111111111111111111111111111110111101100100101100011111011100000011111011100000
0000001111111111111111111111111111111111111111111101100100
0001111111010101000010111010011011011110010100111011001000011101101000001000100010101000110110101111
0111111111111111111111111111111111111111111111111111111111111111111111111111111111111111111011011101110100101101000110001011100100011001100011011100100110010100001000011100010101001010
0011111111111111111111111111111111111111111111111111111111111111111111111111111111111111111111011000001111111000111011101110110010011001111100011111001000010000001001010001011110000110
0011111111111111111111111111111111111111111111111111111111111111111111111111111111111111111010100111001101010111011111
011111111111111111111111111111000100001110000110001011110010100101101110010111110011110011100
00011111111111111111111111111111111111111111111111111111111111111111100111001000011010111
0111111111111111111111111110010010101011001011110111000001100101111001000111010000
00000111111111111111111111111111111111111111111111111111111001000101000101010100
000111111111111111111000001001011100011101100011100111001010110101
0111111111111111111111111111111111111111111110111000101000000101011100101001101101100001101000101101000111110101111100010100110010100011011100
00011111111111111111111111111111111111111111111111111111111111111111111111111111111111111111111110110110001000001010010010100111011111110
00111111111111111111111111111111111111110101101110110000101000001110000100100101100011001000001101100011
01111111111111111111111111111111111111111111111111111111111111110101101010000000100101000011100111001001000101001011000011010011001010110110100011
01111111111111111111111111111111111111111111111111111111111111111111111111111111111111101100001111010101100110001111110000010001010110001101101
01111111111111111111111111111111111111111111111111111111111110010100010110011010001000111101101000110001010100011101101100100101011011110101101010000101100101
011111111111111111111111111111111111111111111111111111111111111111111111111111111111111111111111100010011100000000100000011
01111111111111111111111111011011000000111111011101101000111000011111000010010100101011011010000110011
0111111111111111111111111111111111111111111111111111111111111111111111111110001101101000101001001000001100011011001010000100010100011010000011001110001011011110101101101
01111111111111111111111111111111111111111111111111111111111111111111111111111111111111111111111101001
011111111111111010010111000001010100011010001010110100111001100000001001111111
01111111111111111111111111111111111111111111111111111111111111111111111010110110010110101111100110111001110000010100111110000100111001010
0011111111111111111111111111111111111111111111111111111111111111111111101101111111000100100000010001001111001101100010011100111101101000111111100000010100
0001111111111111111111111111111111111111111111111111111111111111111111111111111111111111000000011010000111001010110010110101000001001011001001000110011111101110001001001111
01111111111111111111111111111111111111111111111111111111111111111111111111111111111100011111111101010001001010011100001011110100001
0111111111111111111111111111111111111111111111111110001111010110010001001100111101111010100001110010001010011010000111001000001111
01111111111111111111111111111111111111111111111111111111111111111111111111111111111001100011010000101001001010110000010101110110110100010100
00011111111111111111111111111111111111111111111111111111100101010110111111011010111011000001001000001101010011111111111101
011111111111111111111111111111111111111111111111111111111111111110100011110111100100
00011111111111111111100110100000000110000101000001
011111111111111111111111111111100011100001101110111001000010011010010111001111000010000
000001111111111111111111111111111111111111111111111111111001110001111100011000011011101011110101000111100001111
01111111111111111111111111111111111111111111111111111110011011111000101010
001111111111111111100001000111011
0111111111111111011100100110111101100111000100
00011111111111111111111111111111000101111010
0011111111111111111011000100001100100101110000100010001000110010
00111111111111111111111111111111111111111111111111110000110101011000110010000011111011100101001010000111101111110100001000101110
0011111111111111111111111111111111111111111111111111111111111111111111111111111001
01111101101001110000110111110110100101010110111
0111111111111111111111111111111111111111100110110000111000101001111001110000011111
01111111111111111111111111111111111111111000001101101100101110111100110111111100100000
000000111111111111111111111111111111111111111010110001
011111111111001000111000011100110001110100010001110101111011111101111100110100110111011111101
011111111111111111111111111111111111111111111111111111111111111111111111111111111111110110111010101101010110001111001001010000101001111010010010111
01111111111111111111111111111111111111111111111111111111111111101001001011
0111111111100101011001001101101011110110111011110101011110011111100
00011111111111111111111111111111111111111111111111111111101101
0111111000010111001011110100010000111011011
011111111111111111111111111111111111110101011101010010101000001
0111111111111111111111111111011111010111010010101100000110000001100100111011100111
0111111111111111111111111111111111111111111111111111111100000110111111011001000001010001100001101100100001
01111111111111111111111111111111111111111111111111111110100101110011
0111111111111111111010001010100111011011011110100001110001000011000000110110111010110010110111110000011011101000000
00000001111111111111111111111111111111111111111111111111111111111111111111111111111111111111111111011000001101011001000010111001100110010101110111011000000100000111100
000111111111111111111111111111111111111111111111111111111111111111111101101101110010010001010000110100011000000011101100011111
011111111111111111111111111111111111111111111111111111111110011010100001110001111010010000110100101101000010011101000100
00011111111111111111111111111111111111111111111111111111111111111110010
0011111111010010001101100100101
0111111111111111111111110111110010101000000001010110010000001010
0011111111111111111111111111111111111111001101100101100101110101110000001111001000101
0111111111111111111111111111111111111111111110001010111011000010011011011101101101010010011111111110101010010100011010101000001
0111111111111111111111111111111111111111111111111111111111111111111111111111111111011101011000000010110001111101101110000101111010011111100110001100011010011101000100010100011
01111111111111111111111111111111111111111111111111111111111111111111111111111111111111111111111110110001111100000000101100000
0000001111111111111111111111111111111010010011110001000110101010
0011111111111111111111111111111111101101010100111010010011010011011001
01111111111111111111111111111111111111111110110000010111111011101110111011100100100110010001111100111010101000111010011000111111101111
01111111111111111111111111111111111111111111111111111111111111111111111111111111111111111111111100100001011001000010100100010010110100001100011110011000001101000000100011110101010011001010
001111111111111111111111111111111111111111111111111111111111111111111111111111111111111111111110
0011100000101111010111000000000101100010010000101000101000111110110101010010010001000001101111000
00001111111111111111111111111111111111111111111111111111111111111111111111111111111111111111110010001011100110010110001100100010
00111111111111111111111111111111111001011100110011111111111011
011111111111111111111111111111
01100100111110110011011000100000100101110010010100111111110000111111101011
01111111111111111111111111111111111111111111111111111111111111111111111101000010111101110000000111111000110101110110011010111101011100001110111111101010111001100000011000
000011111111111111111111111111111111111111111111111111111111111111111111111111111111111111111111111010001110100111001010010001001001101000000100100010001011000000001010110100000010
001111111111111111111111111111111111111111111111111111111111111111111111111111111011101111110000101110101011110100000000101
011111111111111111111111111111111111111111110101100011011100000
0000001111111111111111010101010110011101011100010010011110000111101100101110100001000011011110010000011111
0111111111111111111111111111111111111111111111111111111111111111111111111111111111111001101
0111110110110000010101110011101100101010001100010100000001010011111100
0001111111111111111111111111111111111111111111111111111111111111111100000100110111010000011001010100110100101010110001010100
0001111111111111111111111111111111111111111111111111111111110000111101010111111000000001010000110000010100110110011101000110001111101100010110101
01111111111111111111111111111111111111111111111111111111111111111111111111111111111110000100011101
0111111111111101001010011000010010110010011110100001011111011000111111100100000101010110000111011
0111111111111111111111111111111111111111111111111111111111111111111111111111111111111010101000010000111101000111000000111
01111111111111111111111111111111111111011111101
011111111111100001110100001011101111000100001110
001111111111111111111111111111111111110100101101100100011000001110111110011011101001001010000011001010111011000110011110011000010011
011111111111111111111111111111111111111111111111111111111111111111111111111111111111111111111101010101010000101001110001111111100011001110001111111110001100000
000000111111111111111111111111111111111111111111111111111111111110110010100011011101011001110
00111111111111111111111111110010111000010000101011010111111011001001000101101100000001010011111101111101111101
011111111111111111111111111111111111111111111111111111111111111111111111111111111110101011001110011010111000000000101110110010101001001010000011011101000
000011111111111111111111111111111111111111111111111111111111111111111110100100110001000001011101000111000000111101111110010
00111111111111111111111111111111111111111111111111111001010001111011110011111101110001000000101111001110000001001000111111010011000101
011111111111111111111111111111111111111111111111111111111111111111111111111111111100000101101010011100
00011111111111111111110111100001101001110111110100110010100001100111010100
000111111111111111111111111111111111111111111111111111011110111010
001111111111101110100001110011010010111101111011001100011111101100111110010001110111010011011001110000101100001
01111111111111111111111111111111111111111111111111111111111111111111111111111111111111111111111111110101001100011101110011001101110100010111011011111111101100001110110100
0001111111111111111111111111111111111111111111111111111111111111111111111000011011111001001100011
011111111111111111111111110010101111001000100010101
01111111111111111111111110110111100001000110110001001110110010100001100010001110001011110011011
0111111111111111111111111111111111111111111111111111111111111111111111010010100100000111000011000001011100010111101001011111101000000001100110001111101
011111111111111111111111111111111111111111111111111111111111111111111111111111111110111010111000111
0111111111111111110000011110011110011101101010001000010001111101010100010100101000100
000111111111111111111111111111111111111111111111111111111111111111110101110001111101010011000001010
0011111111111111111111111111111101
011111000001
0111111111100101011
011111111100100101011010010111000
00001111111111111111111101010011000111111100011000011100111001100101010000111011111101100010010100111101111110
001111111111111111111111111111111111111111111111111111111111111111111111111111111111110101011111101101101111100110100011110100011000110010010
0011111111111111111111111111111111111111111111111111111100101000001111001000000010101011011101
011111111111111111111111111111111111111011101100111100101110001010001011111010001010001011
011111111111111111111111111111111111111111111111111100011001110
0011111111110010110010001000000000111010010001101100011001010000100110010011000001011010101001001
011111111111111111111111111111111111111111111111111111111111111111111111111111111111111001000110101001111110100110101100110010000111111110000001101011111100111001010101
01111111111111111111111111111111111111111111111111111111111111111111111111111111111100100
0001111
0101001110001011011100
0001111111111111111110100011100010011011111110001000110111001001001000001
0111111111111111111111111111111111111111111111111111011110111101110100011001010001100101100110100000000100111100000011
01111111111111111111111111111111111111111111111111111111111111111100110000100000100011011001010111000110001101000000101101101
0111111111111111111111111111111111111111111111111111111111100111100100100111011011
0111111111111111111111110001101110
001111111111001111000010111011100100101000100110101100011011001001011011101011010000
00000111111111111111111111111111111111111111111111111111111111111111111111101100101010001001011010010011010110100100010011100000000010110000101101
0111111111111111111111111111111111111111111111111111111111111111111111111100100101000111000101000011101110001011111011110110011001100101
011111111111111111111111111111111111111111111111111111111111111100010011111000110110101110000000
0000000011111111111111111111111111110110001101001000001110001110000011010111001
0111111111111111111111111111111111111111111111100010100011000000001011001
01111111111111111111111111111001010100010100001100101001
0111111111111111111111111111101
011000000001000100010001111110001000000110110000111111100
0001111111111111111111111111111111111111111111111111111010101100111100010011011111101111110001111
01111111111111111111111111111111111111111111101110101100011
011111111111111110101101011011101101110100
0001111111111111111111111001000101
0111111110111011101100001001001100011001000001100101101111111010
00111111111111111111111111111111111111111111111111111111010111100001011101000011110101010100101010010000000100101001000011000111111000
0000111111111111111111111111111111111111111111111111111111111111111111111111111111110001
01111111110000101000010100011001111100111101100111010110
001111111111111111111111111111111111111111111111100000100110100110011011010110111110110010110101011011100100000111110100011111000101010100001110
0011111111111111111111111111111111111111111111111111111111111111111111111111111111111111111111111011010011111101001011110111100000110110101000000110010001
011111111111111111111111111111111111111111111111111111111
100101
0111111011000101100010100101011010111100111000111100001
0111111111111111111111111111111111111111111111111011110000110110110110100111111010000111110111001011101000001110101001011011010110000
00000111111111111111111111111111111111111111111111111111111111111111111111111111111110100010110001001100101
01111111111111111111111101010111101011100011110000001000011101011010100010001000010000
00000111111111111111111111111111111111111111111111111111111111101100001011100011000100100000110001100100101101100111011110101110111001010000000001
01111111111111111111111111111111111111111111111111111111111111111111111111111111111010111001000000101100101100001101111111101010100001010010100010010010001010110011110
00111111111111111111111111111111111111111111111111111111111111111111111111111111111111111010101010
00111111111111011000111001101011000010011111001000110
0011111111111111111111111111111111111111
010101010010010100011001011110101101010
0011111111111111111111111111111111111100110001010001
01111111111111001000000101101010111011011011111110111111011010001010011011100011010111111111101
011111111111111111111111111111111111111111111111111111111111111111111111111111111000110001101001011111101110111111111011111
01111111111111111111111111111111111111111101011010110001010010010100110011100100101000010000000001010001100000010100100111001001001100
000111111111111111111111111111111111111111111111111111111111111111111111111111111111111111111100011
01111111011111011111011001111010011111011
01111111111111111111111111111111110111110110100101011001111100011111100
00011111111111111111111111111111111110001000010110111010100101011110101100100000101010100010011010111011011
01111111111111111111111111111111111111111111111111111111111111111111111110110111011001
011111111111111110011101100101011110001010
00111111111111111111111111011011001100001011100001010100111011101000001101010010111000100110
00111111111111111111111111111111111111111111111111111111111111111100100000000010100101111000100010011110010101000001110001011110000001111
01111111111111111111111111111111111111111111111111111111111111111111111001000101110100100000011100111101010000000011110101000101010001111110100010001
0111111111111111111111111111111111111111111111111111111111111111111111111111110110010010111110101111100011101011110100010011100001111100010110
001111111111111111111111111111111111111111111111111111111111111100
000100001111110011111101101001001101010111000100011001011010111001111100111011100110
00111111111111111111111111111111111111111111111111111111111111111111111111111111110010100100111010110110000110101010000010010000101000
000011111111111111111111111111111111111111111111111100111100111010001100000111111000000111001000010101110001111110101001100001000
0000111111111111111111111111111111111111111111111111111111111111111111111111101101000001101111111101010111110010110
00111111111111111111111111111111111111000011110100010111101100111101010110010001011100111
0111111111111111111111111111111111111111111111111110
001011000101101110000100101110010000001110111000110100111111111
0111111111111111111111111111111111111111111111111111111111111100010011110110010100111111011010100111100011001010000010011111001101111
01111111111111111111111111111111111111111111111111111111111111111111111001011110101111111010110100111111001111011000001110011111111101001000000
0000000111111111111111111111111111111111111111111111111111111111111111111100
000101010001010101101011101011111110111011010010011
0111111111111111111111111111111111111111111111111110011010011100000001101101100011001011000011001111
01111111111111111111111111111111111111111111111111111100101010100000001100100011100110100110110111101101100
00011111111111111111111111111111111111111111111111111111110110100101001101010110110111110110100111101000111110001010001000111101101001001001001010011
01111111111111111111111111111111111111111111111111111111111111111111111111111111111111111111111000001111011000
0000111111111110100
000101111010001000001101111101110001010111100010100110101101010110010100101101010101111
01111111111111111111111111111111111111111111111111111111111111111111111111111111111101011000000000011100110111110111110101011000101011000001010111011001010111010011000000011
01111111111111111111111111111111111111111111111111111111111111111111111111111111111111111100111101011001110001010010010111110101001110001001100100101101010000
00000111111111111111111111111111111111111111111111111111111111111111101011100010101010011111000100101010100100001100
00011111111111111111111111111111111111111111111110010100101001100011110011000000001011
01111111111111111111111111111111111111
1010000001011011110011110100110001010111000100111111011
011111111111111111111111111111111111111111111111111111101110001001011001011110001100000000010000100010000001110000110000110000001001000011000
000011111111111111111111111111111111111111111111111111111111111111111111111111111111111100010101111101010
00111111111111111110110000000000110011
01111111111111111111000100100001000100000111101101111100010100101110011100101010010010011111
0111111111111111111111111111111111111111111111111111111111111111111111111110010000001111010010010111001111000001011011110101101001010110100000101111111111100010001000
0000111111111111111111111111111111111111111111111111111111111111111111111111111111111111111110
011011101000111110011101011001
01111111111111111111111111111001010111010111000001011000100101111
01111111111111111111111111111111111101101111101110101010011
011111111111111111111110001100111010000000110101000111010110000000110010001000001101011001011111101000010001001100101
011111111111111111111111111111111111111111111111111111111111111111111111111111111111111111111110101010110
0011111111111100111001110001111011010111011101000111100
00011111111111111111111111111111111111111111010101000111000011
01111111111111111111
01111010010111010000111100000011010011101011011011000110110001101111001100111000001010000101111110111
01111111111111111111111111111111111111111111111111111111111111111111111111111111111111111111111111110000100100100111100010111011010000111001110001001110011000000
00000001111111111111111111111111111111111111111111111111111111100101010010011010110010010100111100111000110110101101
01111111111111111111111111111111111111111111111111111110000111100101011010000001000111
0111111111111111111111111111111110101111111001000111111011100100001111011010000000101
0111111111111111111111111111111111111111111111111111100100001010011100100000001110101010
0011111111111111111111111111111111111000101111001000001111000011011110
001111111111111111111111111111111111010001100010001110110001111001010110100010011000000110100001011
011111111111111111111111111111111111111111111111111111111111111101100110001101110100
0001111111111111111110111111010010001011010011000100110000010111111101
0111111111111111111111111111111111111111111111111100011011110111001101111001111010
001111111111111111111111111111110001011010010101011110001011011110010101100110010110
001111111111111111111111111111111111111111111111111101100
0001111010010
001111111110111000101100011100011001000100011110110110010
0011111111111111111111111111111111111111111111111111111111001011110111110000101000110000100111001101011011110
0011111111111111111111111111111111111111111111111111111111111011001
0111111001110001000110001010111000000000111111101101100011001100000101110110101010
0011111111111111111111111111111111111111111111111111111111111111111111111111000010001111100011110101010100011101001
0111111111111111111111111111111111111111001101011110001001111110101001000110010111011100001100111100110101001101001001010010000011100
0001111111111111111111111111111111111111111111111111111111111111111111111111111111111111111111111001100000011110010001101101
0111111111111111111111111111111100100110101011010101001001100100
0001111111111111111111111111111111
0010011011001001110011110101101110111111100111111110010100111000001001000001001111010000110
001111111111111111111111111111111111111111111111111111111111111111111111111111111111111111010010011011100101111111110111000000100110011001011110000110110111111111
01111111111111111111111111111111111111111111111111111111111111111111111111101000001000000000010011110
001111111111111111111111111110101111011100011001100000
0000001111111111111111111011101101
011111111010100011000001101110111101001
01111111111111111111111111111110111111001001111100001000011111011000110101101010011010001100100100011001011111001011010100111001
011111111111111111111111111111111111111111111111111111111111111111111111111111111111111111111111111100101010000001010010101001010
00111111111111111111111111111111100100100111011111000000000101001011100100010001100101010
0011111111111111111111111111111111111111111111111111111111011010
001111001010101001111011011000000111110101000110100100011001100000111
011111111111111111111111111111111111111111111111111111111111111011
0111100110011100100010000010111011001011000100011010000101111111000111110110
0011111111111111111111111111111111111111111111111111111111111111111111111010011000101111100001011011001000101110001110100000111011
011111111111111111111111111111111111111111111111111111111000000100100
000111111111001010000111111010101101101110011111100111101101100011101101111000100111001
011111111111111111111111111111111111111111111111111111111111111111111111111011011110000110111011000110000110111111101000111010011001011010101001000010110111100
000111111111111111111111111111111111111111111111111111111111111111111111111111111111000010001001001010010110111010
00111111111111111111111111111100010010101111100101010011110010011110111111001001000110011111011101101101100011100111011
011111111111111111111111111111111111111111111111111111111111111111111111111111111111111111110100110110011011110010001
01111111111111111111111111110111000001110000001100110101011111111000011011110000011011010110110000000111010111
0111111111111111111111111111111111111111111111111111111111111111111111111111111111000011101100110011001110110000100100010010010000000100111100011110010100000110010010101
0111111111111111111111111111111111111111111111111111111111111111111111111111111111111110101101000101101100001111010001000010010001100111001100000100100111100
0001111111111111111111111111111111111111111111111111111111111111111111010011011100101110110000001011000011000101
011111111111111111111111111111111111111111010100001110001010111000011010010100000111100110110111100010110000101101011
011111111111111111111111111111111111111111111111111111111111111111111111111010001111001010011001110000010011101111101111110000111011000110011100111100
0001111111111111111111111111111111111111111111111111111111111111111111111110010011111111000
000011111111111110
0010001001101100101110110011110100011010100110000111100101110111100110001000101
01111111111111111111111111111111111111111111111111111111111111111111111111111011000011111001111100010011101100000011100100010011000100001001110101101010000010
0011111111111111111111111111111111111111111111111111111111111111111111111111111111101011010001111101111110100001100101
011111111111111111111111111111111111101011010011111101000001001111101010001100111000010001001
01111111111111111111111111111111111111111111111111111111010000011110010001001
01111111111111111111111101110110100001001000001010010001000001001111010110011101100010110110110011111110
00111111111111111111111111111111111111111111111111111111111111111111111111111111111110001101100001001001001101001001111011000110100101111000000010110010001010110100000101
011111111111111111111111111111111111111111111111111111111111111111111111111111111111111010100111000010010101001000100101000101
011111111111111111111111111111111111111101111110100110001110110100111101010011010000000110100011110011000011
01111111111111111111111111111111111111111111111111111111111111111111111110011100010011000011010001000011
01111111111111111111111111111111111011010010000000001111010111111010000111110001101000110101000110110010110110010010100011010111101000
00001111111111111111111111111111111111111111111111111111111111111111111111111111111111111111111111101110100110011100000101010110111101001101001110000
0000011111111111111111111111111111111111111111111110111111111111100100000110000110001010101110101000100001
0111111111111111111111111111111111111111111111111111111110101000001000001111011100110011100000111100101111000010010001100001100100001010000
00000111111111111111111111111111111111111111111111111111111111111111111111111111111010110000001000010010000000001100000110111111011001000000111111
01111111111111111111111111111111111111111111111111111111111111111111010100000111001110011001011111000001111000001010000101000010101001001000011111000101011100
0001111111111111111111111111111111111111111111111111111111111111111111111111111111111111111111100001100100011011000011111111101000
0000111111111111111111111111111111111011110110011
01111111111111000010000001000000010101000101000111001010100110110111100101111011010000000100
00011111111111111111111111111111111111111111111111111111111111111111111111111100111110101000010010001011001100111
0111111111111111111111111111111111110010101110000101010
0011111111111111111101001110111100100110100111
011111111111111111111111110100011010011110001101000011111010100101101
0111111111111111111111111111111111111111111001111100010001010111000011000000010
0011111111111111111111111111111111111110001001
01111111110101100100010111011010010011100110100001010100100011101011010100100111101001011100101110110001
01111111111111111111111111111111111111111111111111111111111111111111111111111111111111111111110110011111001111011111001101101111000101011110100000001111001000010101000010111111000
0000111111111111111111111111111111111111111111111111111111111111111111111111111111111111101001011100000001000101111000001000
0000111111111111111111111111111111111111010010111111101111000
00001111111111111111110001010000100101100001010001001011011101110
00111111111111111111111111111111111111111111
00111101011101101000
0000111111111111111101000111010110000001001101000000110101100010000
00000111111111111111111111111111111111111111111110010111111111001011110011101001001110001010000100101101101111000001
01111111111111111111111111111111111111111111111111111111111111111111101111010010111101100011011010001001110011100101111011000011100001100100001111110101
0111111111111111111111111111111111111111111111111111111111111111111111111111111111111110101111111111101011011000000000100001011
01111111111111111111111111111111111111111111000100111001011011010000001111011011000001
011111111111111111111111111111111111111111101
011000001101101100100110010110000010001110000011101110110110100111001000000000101100001001
01111111111111111111111111111111111111111111111111111111111111111111111111111111111111110011000111100011110000110001010000110111
0111111111111111111111111111111111111111011001101011100001111000001011000001010100011000011101111100011011010011100
00011111111111111111111111111111111111111111111111111111111111111111111111111
0110110000110001001101000110110101110000100110110010100000010010010101000010100
0001111111111111111111111111111111111111111111111111111111111111111111111111101011010110101001101010011010100001001000111000011011101010111110011011111010
0011111111111111111111111111111111111111111111111111111111111111111111111111101101101010110101000010111101100101001110101000
00001111111111111111111111111111111111111111111110111000111100010100101010010101011010000
000001111111111111111111111111111111111111010000110001110101001000100010011001001010001010000110011001000100011011101010110011110001111110101
0111111111111111111111111111111111111111111111111111111111111111111111111111111111111111111111111111000111010101100100000100101010
00111111111111111111111111111110000110101010001011110110110011010111001010
00111111111111111111111111111111111111111111100011111100110101100000010100100110000101100001100111100100100111000011011011100100
00011111111111111111111111111111111111111111111111111111111111111111111111111111111110110100100010000101110001001101101101010010111101100
00011111111111111111111111111111111111111111111111111101011101010100010010001011011000111010101101011
011111111111111111111111111111111111111111111111110001101000001100101000111101000101011111010110100000100101101001100010110000100101010100011010
001111111111111111111111111111111111111111111111111111111111111111111111111111111111111111111110010011010111
011111111111110010
0011101101000110011000
00001111111111111110100011010001
011111111111111011101001010110110101111011011000111010101011011001111111110100111110011001110111100000101000
0000111111111111111111111111111111111111111111111111111111111111111111111111111111111111111111
011100001010100001101001101
0111111111111111111111111100110011111011001001000010011010110101000101110110011111111100000110101110010010110100010011
01111111111111111111111111111111111111111111111111111111111111111111111111111111111111111111001000001110001010101000101101101010010111100011
0111111111111111111111111111111111111111111111110000011111100000100110011100011110101001001111111011111110000110100010001101000
000011111111111111111111111111111111111111111111111111111111111111111111111111111110111011110010
001111111111111110100100000101100000001
01111111111111111111111110011000000011111110010110011011100010111000110100100010101101101110010100111010110
0011111111111111111111111111111111111111111111111111111111111111111111111111111111111011001111010111010101101110001110110101001111011101110110011111001010001010000000000001110010
001111111111111111111111111111111111111111111111111111111111111111111111111111111111111111111011001000011000000100011101101011000011010001100101110010001101000100011101101
011111111111111111111111111111111111111111111111111111111111111111111111111111001010111101010000101111100010101
011111111111111111111111111111111101101111001010111001
011111111111111111111101011110110000000000100100011111000001000001001110010010100101011110110101100011101110
00111111111111111111111111111111111111111111111111111111111111111111111111111111111111110011001000111100000001101
01111111111111111111111111001001
011111010100001111010011010010000101111111011101011000111110101100001001
0111111111111111111111111111111111111111111111111111111111111111110010001001000000110110100101001010110001
01111111111111111111111111111111111111111110101100011000001001101001010111101100111001101001100111110
0011111111111111111111111111111111111111111111111111111111111110000011111011110110111001000011011001111001000111101
01111111111111111111111111111111111111111111111111111110011101000100101110111010001100100
0001111111111111111111111111111111111000100101011000111010001001111111
011111111111111111111111111111111110101100111011011100010111
011111111111111111111111101111111110000011100100101101010101000000100110011011100010000010
001111111111111111111111111111111111111111111111111111111111111111110011001010110111010110000001111111
01111111111111111111111111111111111110001011111110001110100111101110011011010011100011000001101000011010111010000001001
0111111111111111111111111111111111111111111111111111111111111111111111111111111111100101111001000000110
0011111111111111111111011100110111100110001100001010011010100101111110000011011
011111111111111111111111111111111111111111111111111111111101111000001000001110001000111111111111011101100100011000110101001
0111111111111111111111111111111111111111111111111111111111111111110111100111110010000111001010
00111111111111111111111111111000110
001111000101110100011001110100010000101101101111011110101111101010010
0011111111111111111111111111111111111111111111111111111111111110111001111001110011011100010010010100000000101101010001101010011000000100010011111101111101
0111111111111111111111111111111111111111111111111111111111111111111111111111111111111111111110100011110010101111111100111101111001001001010111111100
0001111111111111111111111111111111111111111111111111111110001010001111110100111111100000101
0111111111111111111111111111111111110111100100111111000100010000101011100001000000010100001011011101
01111111111111111111111111111111111111111111111111111111111111111111100110000000000011110000101001011
011111111111111111111111111111111110110010110111111001100000000
000000000111111111111111111110110110101110111001000111111000101101101111110010110
00111111111111111111111111111111111111111111111111111100100001011001001000111111101011100110111
0111111111111111111111111111111111111111110010
001100001010010010010111100111001001111000010100000111100100
0001111111111111111111111111111111111111111111111111111101111011001110001111010111001110100000101011101001111000110
00111111111111111111111111111111111111111111111111111111111000001011011101111011010011011110000100000110000110010101000011100100010001000110110010000000111
01111111111111111111111111111111111111111111111111111111111111111111111111111111